<43> 34 => 31, 32, 33, 35, 36, 37, 44, 45, 46, 47, 48, 51, 52, 54, 55, 56
<43> 24, 33, 36, 37, 46, 47, 48, 52, 55, 56 => 32
<43> 20, 37, 42, 43, 44, 47, 48, 52, 56 => 33
<43> 11, 44, 56 => 43, 48
<43> 5, 33, 37, 40, 46, 47, 48, 51, 52, 54, 55, 56 => 32, 36
<43> 5, 21, 40, 44, 47, 48 => 46
<43> 2, 28, 33, 37, 44 => 40
<43> 2, 13, 26, 44, 47, 48 => 40, 43
<43> 1, 10, 26, 44, 48 => 47
<43> 0, 6, 32, 33, 36, 37, 46, 47, 48, 50, 51, 52, 54, 55, 56 => 31, 35, 44
<43> 0, 6, 32, 33, 36, 37, 43, 44, 46, 47, 48, 51, 52, 54, 55, 56 => 31, 35
