<22> 32, 33, 36, 37, 39, 40, 45, 46, 47, 48, 49, 50, 51, 52, 53, 54, 55, 56 => 4
<22> 28, 32, 33, 36, 37, 40, 44, 45, 46, 47, 48, 49, 50, 51, 52, 54, 55, 56 => 31, 35
<22> 25, 47, 48, 50, 51, 52, 55, 56 => 33, 36, 37, 44
<22> 25, 26, 27, 33, 36, 37, 40, 46, 47, 48 => 52, 56
<22> 24, 46, 47, 48, 50, 51, 52, 55, 56 => 33, 37, 44, 54
<22> 24, 33, 37, 40, 44, 46, 47, 48, 51, 52, 54, 55, 56 => 32, 36
<22> 23, 26, 39, 40, 45, 46, 47, 48, 52, 56 => 37
<22> 23, 26, 33, 36, 37, 39, 40, 46, 47, 48 => 52, 56
<22> 22, 44, 46, 47, 48, 50, 51, 52, 55, 56 => 32, 33, 36, 37, 45, 54
<22> 22, 32, 33, 35, 36, 37, 42, 43, 44, 45, 46, 47, 48, 52, 56 => 31
<22> 22, 27, 32, 33, 36, 37, 44, 46, 47, 48 => 45, 56
<22> 20, 37, 39, 40, 44, 46, 47, 48, 51, 52, 55, 56 => 32, 33, 36
<22> 20, 33, 37, 42, 43, 44, 46, 47, 48, 50, 51, 52, 55, 56 => 32, 36
<22> 14, 27, 44, 47, 48 => 33, 37
<22> 11, 33, 37, 43, 44, 48, 56 => 47
<22> 8, 26, 31, 32, 33, 35, 36, 37, 44, 46, 47, 48, 52, 55, 56 => 45
<22> 5, 28, 31, 32, 33, 35, 36, 37, 40, 45, 46, 47, 48, 51, 52, 54, 55, 56 => 39
<22> 5, 27, 33, 37, 44, 47, 48, 50, 51, 52, 55, 56 => 46
<22> 5, 26, 28, 32, 33, 36, 37, 47, 48, 51, 52, 55, 56 => 31, 35
<22> 5, 19, 37, 51, 52, 56 => 33
<22> 4, 17, 31, 32, 33, 35, 36, 37, 43, 44, 46, 47, 48, 51, 52, 55, 56 => 40
<22> 3, 33, 37, 40, 44, 47, 48, 50, 51, 52, 55, 56 => 32, 36
<22> 2, 28, 41, 42, 43, 44 => 40, 48
<22> 2, 21, 40, 43, 44, 47, 48 => 26, 46
<22> 2, 21, 26, 43, 44, 46, 47, 48 => 40
<22> 2, 13, 28, 37, 40, 42, 43, 44, 46, 47, 48 => 26
<22> 2, 12, 42, 43, 44, 48, 52, 55, 56 => 51
<22> 1, 26, 32, 33, 36, 37, 44, 46, 47, 48, 51, 52, 54, 55, 56 => 45
<22> 1, 10, 40, 44, 48, 52, 55, 56 => 47
<22> 1, 10, 28, 44, 51, 52, 56 => 43
<22> 1, 9, 33, 37, 44, 48, 50, 51, 52, 55, 56 => 47
<22> 1, 9, 33, 36, 37, 44, 45, 46, 47, 48, 52, 56 => 32
<22> 1, 8, 33, 37, 44 => 48
<22> 1, 5, 28, 33, 36, 37, 44, 47, 48 => 26
<22> 1, 5, 10, 37, 44, 47, 48 => 26
<22> 0, 31, 32, 33, 34, 35, 36, 37, 40, 43, 44, 45, 46, 47, 48, 50, 51, 52, 53, 54, 55, 56 => 4
<22> 0, 26, 30, 31, 32, 33, 35, 36, 37, 44, 45, 46, 47, 48, 50, 51, 52, 53, 54, 55, 56 => 4
<22> 0, 24, 26, 32, 33, 36, 37, 45, 46, 47, 48, 52, 55, 56 => 44
<22> 0, 17, 32, 33, 36, 37, 44, 46, 47, 48, 52, 56 => 45, 51, 55
<22> 0, 8, 32, 33, 35, 36, 37, 44, 47, 48, 52, 55, 56 => 51
