<44> 17, 32, 33, 35, 36, 37, 44, 46, 47, 48, 52, 56 => 31
<44> 17, 31, 32, 33, 36, 37, 44, 46, 47, 48, 52, 56 => 35
<44> 11, 44, 52 => 43
<44> 11, 28, 44 => 40
<44> 8, 33, 37, 48, 51, 52, 56 => 32, 36
<44> 8, 26, 33, 37, 47, 48, 52, 56 => 46
<44> 5, 48, 50, 51, 52, 55, 56 => 33, 37, 47
<44> 5, 26, 28, 37, 42, 43, 44, 47, 48, 52, 56 => 33
<44> 3, 33, 37, 41, 42, 43, 44, 48, 52 => 56
<44> 3, 33, 37, 39, 40, 44, 52 => 32, 36
<44> 3, 28, 32, 33, 35, 36, 37, 40, 44, 47, 48, 52, 56 => 31
<44> 3, 27, 33, 37, 42, 43, 44, 48 => 47
<44> 2, 13, 42, 43, 44 => 40
