<15> 33, 37, 40, 41, 42, 43, 44, 47, 48, 50, 51, 52, 55, 56 => 32, 36
<15> 26, 29, 33, 37, 44, 46, 47, 48, 52, 55, 56 => 45
<15> 26, 27, 39, 40, 46, 47, 48, 52, 55, 56 => 45
<15> 25, 26, 41, 42, 43, 44, 48 => 37
<15> 24, 32, 33, 36, 37, 39, 40, 44, 46, 47, 48, 51, 52, 54, 55, 56 => 43
<15> 24, 28, 32, 33, 36, 37, 40, 44, 46, 47, 48, 51, 52, 54, 55, 56 => 43
<15> 23, 26, 27, 33, 37, 44, 45, 46, 47, 48, 50, 51, 52, 54, 55, 56 => 32, 36
<15> 23, 26, 27, 31, 32, 33, 35, 36, 37, 44, 45, 46, 47, 48, 52, 56 => 43
<15> 21, 28, 39, 40, 42, 43, 44, 46, 47, 48 => 26
<15> 21, 26, 33, 36, 37, 41, 42, 43, 44, 46, 47, 48 => 32
<15> 19, 27, 37, 42, 43, 44, 48, 51, 52, 56 => 33
<15> 19, 27, 33, 37, 44, 46, 47, 48, 50, 51, 52, 55, 56 => 54
<15> 18, 37, 44, 46, 47, 48, 52, 56 => 33
<15> 18, 28, 44, 52 => 48
<15> 17, 32, 33, 36, 37, 39, 40, 44, 45, 46, 47, 48, 52, 55, 56 => 31, 35, 51
<15> 14, 37, 44, 45, 46, 47, 48, 56 => 26, 33
<15> 14, 37, 41, 42, 43, 44, 48 => 33
<15> 14, 27, 33, 37, 42, 43, 44, 47, 48, 52, 56 => 4
<15> 8, 27, 32, 33, 36, 37, 45, 46, 47, 48, 52, 56 => 51, 55
<15> 5, 31, 32, 33, 34, 35, 36, 37, 44, 45, 46, 47, 48, 51, 52, 54, 55, 56 => 0
<15> 5, 27, 33, 36, 37, 41, 42, 43, 44 => 32
<15> 5, 26, 32, 33, 36, 37, 42, 43, 44, 45, 46, 47, 48, 51, 52, 54, 55, 56 => 31, 35
<15> 5, 25, 26, 37, 39, 40, 46, 47, 48 => 32, 33, 36
<15> 5, 25, 26, 33, 37, 39, 40, 47, 48, 52, 56 => 32, 36
<15> 5, 25, 26, 28, 37, 40, 44, 47, 48, 52, 56 => 33
<15> 5, 24, 26, 27, 44, 46, 47, 48 => 33, 37
<15> 5, 22, 32, 33, 36, 37, 44, 45, 46, 47, 48, 52, 55, 56 => 35
<15> 5, 17, 32, 33, 36, 37, 43, 44, 46, 47, 48, 52, 55, 56 => 42
<15> 4, 26, 32, 33, 36, 37, 39, 40, 44, 45, 46, 47, 48, 50, 51, 52, 53, 54, 55, 56 => 0
<15> 4, 24, 32, 33, 35, 36, 37, 44, 46, 47, 48, 51, 52, 55, 56 => 31, 43, 45
<15> 4, 20, 32, 33, 36, 37, 44, 45, 46, 47, 48, 51, 52, 55, 56 => 31, 35, 54
<15> 3, 22, 26, 33, 37, 40, 44, 46, 47, 48, 56 => 32, 36
<15> 3, 21, 33, 37, 40, 42, 43, 44, 46, 47, 48 => 32, 36
<15> 3, 19, 33, 37, 44, 47, 48, 52, 55, 56 => 32, 36
<15> 3, 19, 33, 37, 44, 46, 47, 48, 52, 56 => 32, 36
<15> 3, 17, 26, 31, 32, 33, 35, 36, 37, 43, 44, 45, 46, 47, 48, 52, 56 => 40
<15> 3, 15, 26, 33, 36, 37, 40, 46, 47, 48, 52, 55, 56 => 4
<15> 3, 5, 27, 33, 37, 44, 46, 47, 48, 52, 55, 56 => 32, 36
<15> 2, 23, 26, 43, 44, 46, 47, 48, 56 => 52
<15> 2, 4, 13, 37, 40, 42, 43, 44, 46, 47, 48, 52, 56 => 26
<15> 1, 41, 42, 43, 44, 48, 52 => 56
<15> 1, 31, 32, 33, 35, 36, 37, 43, 44, 47, 48, 50, 51, 52, 55, 56 => 4, 54
<15> 1, 25, 33, 36, 37, 44, 47, 48 => 32
<15> 1, 24, 26, 33, 36, 37, 44, 46, 47, 48 => 56
<15> 1, 20, 28, 37, 44, 52 => 43
<15> 1, 10, 44, 45, 46, 47, 48, 52, 56 => 26
<15> 1, 10, 27, 33, 37, 44, 48, 51, 52, 56 => 47, 55
<15> 1, 10, 26, 33, 36, 37, 44, 47, 48 => 46
<15> 1, 9, 33, 37, 44, 45, 46, 47, 48, 51, 52, 54, 55, 56 => 32, 36
<15> 1, 5, 37, 40, 44, 51, 52, 56 => 43
<15> 1, 5, 10, 26, 37, 42, 43, 44, 47, 48 => 33
<15> 1, 4, 31, 32, 33, 35, 36, 37, 43, 44, 47, 48, 51, 52, 55, 56 => 50, 54
<15> 0, 32, 33, 36, 37, 41, 42, 43, 44, 46, 47, 48, 52, 56 => 45, 51, 55
<15> 0, 31, 32, 33, 34, 35, 36, 37, 40, 44, 45, 46, 47, 48, 49, 50, 51, 52, 53, 54, 55, 56 => 4, 30
<15> 0, 24, 26, 28, 33, 36, 37, 46, 47, 48, 52, 56 => 40
<15> 0, 6, 26, 27, 32, 33, 35, 36, 37, 43, 44, 45, 46, 47, 48, 51, 52, 55, 56 => 42
