<25> 28, 41, 42, 43, 44, 45, 46, 47, 48, 56 => 40
<25> 27, 33, 37, 44, 45, 46, 47, 48, 49, 50, 51, 52, 54, 55, 56 => 53
<25> 25, 26, 27, 32, 33, 36, 37, 46, 47, 48 => 52, 56
<25> 24, 39, 40, 46, 47, 48, 52, 55, 56 => 44
<25> 24, 32, 33, 35, 36, 37, 40, 44, 46, 47, 48, 52, 56 => 31
<25> 22, 44, 46, 47, 48, 51, 52, 54, 55, 56 => 32, 33, 36, 37, 45
<25> 14, 26, 37, 44, 47, 48, 56 => 46
<25> 8, 33, 37, 42, 43, 44, 47, 48, 52, 56 => 46
<25> 8, 32, 33, 36, 37, 44, 45, 46, 47, 48, 50, 51, 52, 54, 55, 56 => 4
<25> 8, 32, 33, 35, 36, 37, 44, 45, 46, 47, 48, 52, 56 => 55
<25> 8, 28, 32, 33, 36, 37, 40, 47, 48, 52, 55, 56 => 44
<25> 5, 28, 32, 33, 36, 37, 40, 46, 47, 48, 51, 52, 54, 55, 56 => 31, 35
<25> 5, 24, 37, 46, 47, 48, 52, 56 => 33, 36
<25> 4, 31, 32, 33, 35, 36, 37, 42, 43, 44, 45, 46, 47, 48, 49, 50, 51, 52, 54, 55, 56 => 53
<25> 3, 19, 33, 37 => 44
<25> 3, 17, 31, 32, 33, 35, 36, 37, 44, 46, 47, 48, 52, 56 => 43
<25> 2, 28, 37, 39, 40, 44, 46, 47, 48 => 26
<25> 2, 28, 33, 37, 40, 43, 44, 48, 56 => 52
<25> 2, 23, 44, 48 => 43
<25> 2, 22, 44, 46, 47, 48 => 26
<25> 2, 21, 44 => 43
<25> 1, 37, 39, 40, 44, 51, 52, 56 => 33
<25> 1, 25, 37, 44, 48 => 33
<25> 1, 19, 44 => 37, 52
<25> 1, 10, 27, 44, 48 => 33, 37, 56
<25> 0, 21, 33, 37, 47, 48, 52, 56 => 36, 46
<25> 0, 20, 32, 33, 35, 36, 37, 44, 46, 47, 48, 51, 52, 55, 56 => 54
