<5> 29, 32, 33, 36, 37, 43, 44, 45, 46, 47, 48, 50, 51, 52, 53, 54, 55, 56 => 4, 26
<5> 29, 32, 33, 35, 36, 37, 44, 45, 46, 47, 48, 50, 51, 52, 54, 55, 56 => 31
<5> 28, 31, 32, 33, 35, 36, 37, 39, 40, 41, 42, 43, 44, 46, 47, 48, 51, 52, 55, 56 => 50, 54
<5> 26, 27, 31, 32, 33, 35, 36, 37, 39, 40, 43, 44, 45, 46, 47, 48, 50, 51, 52, 54, 55, 56 => 0, 42
<5> 25, 32, 33, 36, 37, 44, 46, 47, 48, 49, 50, 51, 52, 54, 55, 56 => 4, 26, 31, 35, 45, 53
<5> 25, 26, 31, 32, 33, 35, 36, 37, 41, 42, 43, 44, 46, 47, 48, 52, 56 => 40
<5> 24, 39, 40, 41, 42, 43, 44, 46, 47, 48 => 28, 52, 56
<5> 24, 37, 38, 39, 40, 46, 47, 48 => 26, 44, 52, 56
<5> 24, 26, 31, 32, 33, 35, 36, 37, 39, 40, 42, 43, 44, 45, 46, 47, 48, 51, 52, 55, 56 => 0
<5> 24, 26, 28, 31, 32, 33, 35, 36, 37, 40, 42, 43, 44, 45, 46, 47, 48, 51, 52, 55, 56 => 0
<5> 24, 26, 27, 41, 42, 43, 44, 46, 47, 48 => 33, 37
<5> 23, 26, 31, 32, 33, 35, 36, 37, 39, 40, 42, 43, 44, 45, 46, 47, 48, 52, 55, 56 => 0, 51
<5> 23, 26, 27, 39, 40, 44, 46, 47, 48, 52, 56 => 32, 33, 36, 37, 43, 45
<5> 22, 31, 32, 33, 34, 35, 36, 37, 44, 45, 46, 47, 48, 51, 52, 54, 55, 56 => 0, 26, 40, 50
<5> 22, 26, 40, 41, 42, 43, 44, 46, 47, 48, 52, 55, 56 => 4, 51
<5> 22, 26, 31, 32, 33, 35, 36, 37, 39, 40, 42, 43, 44, 45, 46, 47, 48, 51, 52, 55, 56 => 0
<5> 21, 26, 32, 33, 36, 37, 41, 42, 43, 44, 45, 46, 47, 48, 51, 52, 54, 55, 56 => 31, 35
<5> 20, 33, 37, 41, 42, 43, 44, 47, 48, 50, 51, 52, 55, 56 => 4, 32, 36, 40
<5> 20, 31, 32, 33, 34, 35, 36, 37, 44, 45, 46, 47, 48, 51, 52, 54, 55, 56 => 0, 30, 50
<5> 19, 33, 37, 41, 42, 43, 44, 46, 47, 48, 52, 56 => 3, 32, 36
<5> 19, 31, 32, 33, 34, 35, 36, 37, 44, 45, 46, 47, 48, 50, 51, 52, 53, 54, 55, 56 => 49
<5> 19, 28, 33, 37, 40, 41, 42, 43, 44, 47, 48, 52, 56 => 55
<5> 19, 27, 32, 33, 36, 37, 39, 40, 43, 44, 46, 47, 48, 51, 52, 55, 56 => 31, 35
<5> 18, 33, 37, 44, 46, 47, 48, 49, 50, 51, 52, 54, 55, 56 => 31, 32, 35, 36, 40, 43, 45, 53
<5> 18, 32, 33, 36, 37, 40, 44, 45, 46, 47, 48, 50, 51, 52, 53, 54, 55, 56 => 31, 35, 43, 49
<5> 18, 27, 37, 43, 44, 48, 52, 56 => 33, 46, 47
<5> 17, 31, 32, 33, 35, 36, 37, 39, 40, 42, 43, 44, 45, 46, 47, 48, 51, 52, 55, 56 => 50, 54
<5> 17, 27, 32, 33, 36, 37, 39, 40, 44, 45, 46, 47, 48, 52, 56 => 31, 35
<5> 17, 23, 26, 32, 33, 36, 37, 44, 45, 46, 47, 48, 52, 55, 56 => 51
<5> 17, 22, 32, 33, 36, 37, 43, 44, 45, 46, 47, 48, 52, 55, 56 => 51
<5> 17, 22, 32, 33, 36, 37, 42, 43, 44, 45, 46, 47, 48, 56 => 40
<5> 17, 21, 32, 33, 36, 37, 43, 44, 45, 46, 47, 48, 51, 52, 54, 55, 56 => 31, 35
<5> 17, 21, 31, 32, 33, 35, 36, 37, 43, 44, 45, 46, 47, 48, 52, 55, 56 => 51, 54
<5> 17, 21, 27, 32, 33, 36, 37, 43, 44, 45, 46, 47, 48, 52, 55, 56 => 26, 42
<5> 17, 19, 32, 33, 36, 37, 42, 43, 44, 46, 47, 48, 52, 55, 56 => 31, 35
<5> 14, 33, 37, 44, 47, 48, 51, 52, 54, 55, 56 => 4, 46, 50
<5> 14, 27, 33, 36, 37, 44, 48 => 4, 42, 43, 47, 51, 52, 55, 56
<5> 14, 22, 26, 33, 37, 44, 46, 47, 48, 56 => 51, 52, 55
<5> 14, 21, 37, 42, 43, 44, 47, 48, 52, 56 => 51
<5> 14, 21, 37, 40, 43, 44, 47, 48 => 26, 33, 46
<5> 14, 19, 43, 44, 48, 51, 52, 56 => 42
<5> 14, 19, 42, 43, 44, 48, 52, 56 => 51
<5> 14, 19, 40, 43, 44, 52 => 2
<5> 14, 19, 33, 37, 43, 44, 48, 52, 56 => 47
<5> 14, 19, 28, 40, 43, 44 => 33, 37
<5> 11, 40, 41, 42, 43, 44, 47, 48, 56 => 52
<5> 11, 26, 37, 43, 44, 45, 46, 47, 48, 52, 55, 56 => 1, 33
<5> 11, 25, 26, 40, 42, 43, 44, 47, 48 => 28
<5> 11, 25, 26, 33, 37, 40, 43, 44, 47, 48 => 1
<5> 11, 23, 26, 40, 43, 44, 46, 47, 48, 52, 55, 56 => 4
<5> 11, 23, 26, 37, 40, 44, 46, 47, 48 => 28
<5> 11, 22, 26, 43, 44, 46, 47, 48, 52, 56 => 55
<5> 11, 21, 26, 37, 40, 42, 43, 44, 46, 47, 48 => 56
<5> 11, 21, 26, 33, 37, 40, 43, 44, 46, 47, 48, 56 => 52, 55
<5> 11, 19, 28, 37, 40, 42, 43, 44, 48, 52, 56 => 47
<5> 8, 32, 33, 36, 37, 38, 39, 40, 44, 47, 48, 50, 51, 52, 54, 55, 56 => 4
<5> 8, 32, 33, 36, 37, 38, 39, 40, 43, 44, 45, 46, 47, 48, 52, 55, 56 => 26
<5> 8, 25, 26, 33, 37, 42, 43, 44, 48 => 27
<5> 8, 25, 26, 32, 33, 36, 37, 43, 44, 46, 47, 48, 51, 52, 54, 55, 56 => 40
<5> 8, 25, 26, 32, 33, 36, 37, 40, 43, 44, 46, 47, 48, 51, 52, 55, 56 => 54
<5> 8, 25, 26, 31, 32, 33, 35, 36, 37, 43, 44, 46, 47, 48, 52, 56 => 40
<5> 8, 25, 26, 27, 32, 33, 36, 37, 45, 46, 47, 48, 51, 52, 55, 56 => 0
<5> 8, 24, 26, 33, 36, 37, 40, 43, 44, 46, 47, 48, 52, 56 => 0
<5> 8, 24, 26, 32, 33, 36, 37, 43, 44, 45, 46, 47, 48, 51, 52, 55, 56 => 4, 50, 54
<5> 8, 24, 26, 32, 33, 36, 37, 40, 45, 46, 47, 48, 52, 56 => 0
<5> 8, 23, 26, 32, 33, 36, 37, 44, 45, 46, 47, 48, 51, 52, 55, 56 => 4, 31, 35, 43, 50, 54
<5> 8, 23, 26, 32, 33, 36, 37, 43, 44, 45, 46, 47, 48, 52, 55, 56 => 4, 31, 35, 50, 51, 54
<5> 8, 23, 26, 31, 32, 33, 35, 36, 37, 44, 45, 46, 47, 48, 52, 55, 56 => 4, 43, 50, 51, 54
<5> 8, 22, 26, 33, 37, 39, 40, 43, 44, 46, 47, 48, 52, 56 => 28, 31, 32, 35, 36, 45, 55
<5> 8, 21, 26, 32, 33, 36, 37, 40, 44, 46, 47, 48, 52, 55, 56 => 45, 51, 54
<5> 8, 21, 26, 32, 33, 36, 37, 40, 44, 45, 46, 47, 48, 52, 56 => 51, 54, 55
<5> 8, 20, 32, 33, 36, 37, 44, 47, 48, 51, 52, 54, 55, 56 => 35, 46, 50
<5> 8, 20, 32, 33, 36, 37, 44, 46, 47, 48, 51, 52, 55, 56 => 35, 50, 54
<5> 8, 20, 32, 33, 36, 37, 40, 44, 48, 51, 52, 56 => 35, 39, 47, 55
<5> 5, 33, 37, 41, 42, 43, 44, 46, 47, 48, 51, 52, 54, 55, 56 => 31, 32, 35, 36
<5> 5, 32, 33, 36, 37, 43, 44, 45, 46, 47, 48, 50, 51, 52, 53, 54, 55, 56 => 27, 31, 35, 49
<5> 5, 27, 32, 33, 36, 37, 44, 45, 46, 47, 48, 50, 51, 52, 53, 54, 55, 56 => 31, 35, 43, 49
<5> 5, 26, 27, 32, 33, 36, 37, 40, 41, 42, 43, 44, 45, 46, 47, 48, 52, 56 => 31, 35
<5> 5, 24, 32, 33, 36, 37, 44, 46, 47, 48, 51, 52, 54, 55, 56 => 31, 35, 40
<5> 5, 24, 32, 33, 36, 37, 41, 42, 43, 44, 46, 47, 48, 56 => 40
<5> 5, 24, 32, 33, 36, 37, 39, 40, 44, 46, 47, 48, 52, 55, 56 => 28, 43
<5> 5, 24, 26, 28, 32, 33, 36, 37, 40, 43, 44, 45, 46, 47, 48, 52, 55, 56 => 0
<5> 5, 21, 26, 27, 33, 37, 42, 43, 44, 45, 46, 47, 48, 51, 52, 55, 56 => 50, 54
<5> 5, 20, 27, 32, 33, 36, 37, 44, 46, 47, 48, 50, 51, 52, 55, 56 => 43
<5> 5, 20, 27, 32, 33, 36, 37, 44, 45, 46, 47, 48, 51, 52, 55, 56 => 43
<5> 5, 20, 27, 31, 32, 33, 35, 36, 37, 44, 46, 47, 48, 51, 52, 55, 56 => 43
<5> 5, 19, 31, 32, 33, 35, 36, 37, 43, 44, 45, 46, 47, 48, 50, 51, 52, 54, 55, 56 => 0
<5> 5, 19, 28, 40, 42, 43, 44, 48, 51, 52, 56 => 39, 47, 55
<5> 5, 19, 28, 32, 33, 36, 37, 39, 40, 43, 44, 47, 48, 51, 52, 55, 56 => 0
<5> 5, 18, 32, 33, 36, 37, 40, 44, 46, 47, 48, 51, 52, 54, 55, 56 => 31, 35, 50
<5> 5, 18, 21, 37, 44, 48, 51, 52, 56 => 28
<5> 5, 17, 32, 33, 36, 37, 44, 45, 46, 47, 48, 50, 51, 52, 53, 54, 55, 56 => 0, 31, 35
<5> 5, 17, 32, 33, 36, 37, 44, 45, 46, 47, 48, 49, 50, 51, 52, 54, 55, 56 => 0, 31, 35
<5> 5, 17, 31, 32, 33, 35, 36, 37, 39, 40, 44, 45, 46, 47, 48, 51, 52, 55, 56 => 0
<5> 5, 17, 28, 31, 32, 33, 35, 36, 37, 40, 43, 44, 46, 47, 48, 52, 56 => 42
<5> 5, 17, 21, 32, 33, 36, 37, 43, 44, 45, 46, 47, 48, 56 => 26, 42
<5> 5, 14, 33, 36, 37, 44, 48 => 28, 40, 43
<5> 5, 14, 26, 28, 33, 37, 39, 40, 43, 44, 47, 48 => 46
<5> 5, 14, 20, 37, 43, 44, 48 => 33
<5> 5, 11, 27, 43, 44, 47, 48 => 1, 26, 37, 46
<5> 5, 8, 33, 37, 41, 42, 43, 44, 48 => 26
<5> 5, 8, 28, 32, 33, 36, 37, 39, 40, 43, 44, 47, 48, 52, 55, 56 => 31, 35
<5> 5, 8, 26, 32, 33, 36, 37, 45, 46, 47, 48, 51, 52, 55, 56 => 0
<5> 5, 8, 26, 32, 33, 36, 37, 39, 40, 44, 45, 46, 47, 48, 52, 56 => 28
<5> 5, 8, 26, 31, 32, 33, 35, 36, 37, 40, 44, 46, 47, 48, 52, 56 => 43
<5> 5, 8, 26, 27, 33, 37, 43, 44, 48 => 42
<5> 5, 8, 25, 26, 33, 37, 48 => 27
<5> 5, 8, 24, 26, 33, 36, 37, 46, 47, 48, 52, 56 => 28
<5> 5, 8, 19, 32, 33, 36, 37, 44, 52 => 43
<5> 4, 28, 32, 33, 36, 37, 39, 40, 41, 42, 43, 44, 46, 47, 48, 50, 51, 52, 54, 55, 56 => 45
<5> 4, 26, 29, 32, 33, 36, 37, 44, 45, 46, 47, 48, 50, 51, 52, 53, 54, 55, 56 => 43
<5> 4, 25, 26, 27, 33, 36, 37, 42, 43, 44, 45, 46, 47, 48, 51, 52, 55, 56 => 50, 54
<5> 4, 24, 41, 42, 43, 44, 46, 47, 48, 52, 56 => 26, 32, 33, 36, 37, 51, 55
<5> 4, 24, 32, 33, 36, 37, 39, 40, 42, 43, 44, 45, 46, 47, 48, 51, 52, 54, 55, 56 => 50
<5> 4, 24, 26, 27, 31, 32, 33, 35, 36, 37, 43, 44, 45, 46, 47, 48, 51, 52, 55, 56 => 54
<5> 4, 23, 26, 29, 33, 37, 44, 45, 46, 47, 48, 50, 51, 52, 54, 55, 56 => 43
<5> 4, 19, 37, 41, 42, 43, 44, 48, 51, 52, 55, 56 => 28, 40
<5> 4, 17, 32, 33, 36, 37, 43, 44, 45, 46, 47, 48, 49, 50, 51, 52, 54, 55, 56 => 53
<5> 4, 17, 27, 32, 33, 36, 37, 42, 43, 44, 45, 46, 47, 48, 51, 52, 55, 56 => 26
<5> 4, 14, 33, 37, 44, 46, 47, 48, 50, 51, 52, 55, 56 => 54
<5> 4, 11, 28, 37, 39, 40, 42, 43, 44, 47, 48, 52, 56 => 33
<5> 4, 11, 26, 28, 33, 37, 40, 43, 44, 46, 47, 48, 52, 55, 56 => 1
<5> 3, 33, 37, 44, 46, 47, 48, 49, 50, 51, 52, 54, 55, 56 => 32, 36, 45, 53
<5> 3, 33, 36, 37, 41, 42, 43, 44, 45, 46, 47, 48, 51, 52, 54, 55, 56 => 4
<5> 3, 31, 32, 33, 36, 37, 41, 42, 43, 44, 46, 47, 48, 50, 51, 52, 55, 56 => 28, 40
<5> 3, 28, 32, 33, 36, 37, 40, 41, 42, 43, 44, 46, 47, 48, 50, 51, 52, 55, 56 => 31
<5> 3, 27, 31, 32, 33, 35, 36, 37, 44, 45, 46, 47, 48, 51, 52, 54, 55, 56 => 43
<5> 3, 26, 27, 33, 37, 43, 44, 45, 46, 47, 48, 50, 51, 52, 54, 55, 56 => 42
<5> 3, 25, 26, 33, 37, 41, 42, 43, 44, 46, 47, 48, 52, 56 => 36
<5> 3, 25, 26, 33, 37, 40, 41, 42, 43, 44, 47, 48 => 28
<5> 3, 25, 26, 32, 33, 36, 37, 40, 42, 43, 44, 47, 48, 51, 52, 55, 56 => 28
<5> 3, 25, 26, 27, 33, 37, 40, 43, 44, 46, 47, 48, 52, 56 => 36, 45, 55
<5> 3, 24, 33, 37, 43, 44, 46, 47, 48, 50, 51, 52, 54, 55, 56 => 42
<5> 3, 24, 33, 37, 42, 43, 44, 46, 47, 48, 51, 52, 54, 55, 56 => 50
<5> 3, 24, 26, 31, 32, 33, 35, 36, 37, 40, 42, 43, 44, 45, 46, 47, 48, 52, 56 => 5
<5> 3, 24, 26, 27, 33, 37, 40, 42, 43, 44, 46, 47, 48 => 5
<5> 3, 23, 26, 32, 33, 36, 37, 41, 42, 43, 44, 46, 47, 48 => 40
<5> 3, 22, 26, 27, 31, 32, 33, 35, 36, 37, 44, 45, 46, 47, 48, 52, 56 => 5
<5> 3, 21, 33, 37, 39, 40, 43, 44, 46, 47, 48 => 26, 28, 32, 36
<5> 3, 21, 26, 31, 32, 33, 35, 36, 37, 40, 43, 44, 45, 46, 47, 48, 52, 56 => 28
<5> 3, 21, 26, 27, 33, 37, 43, 44, 46, 47, 48, 52, 55, 56 => 42
<5> 3, 20, 33, 36, 37, 40, 41, 42, 43, 44, 48, 51, 52, 56 => 4, 28
<5> 3, 20, 31, 32, 33, 35, 36, 37, 42, 43, 44, 46, 47, 48, 51, 52, 54, 55, 56 => 28, 40
<5> 3, 20, 31, 32, 33, 35, 36, 37, 42, 43, 44, 46, 47, 48, 50, 51, 52, 55, 56 => 28, 40
<5> 3, 20, 28, 31, 32, 33, 35, 36, 37, 40, 43, 44, 46, 47, 48, 50, 51, 52, 55, 56 => 42
<5> 3, 19, 31, 32, 33, 35, 36, 37, 40, 44, 46, 47, 48, 50, 51, 52, 55, 56 => 39
<5> 3, 18, 33, 37, 40, 44, 46, 47, 48, 52, 56 => 32, 36
<5> 3, 18, 33, 37, 40, 43, 44, 47, 48, 52, 56 => 42
<5> 3, 17, 26, 32, 33, 36, 37, 43, 44, 45, 46, 47, 48, 51, 52, 54, 55, 56 => 4
<5> 3, 17, 24, 26, 32, 33, 36, 37, 40, 44, 45, 46, 47, 48, 52, 56 => 43
<5> 3, 17, 19, 32, 33, 36, 37, 43, 44, 46, 47, 48, 52, 55, 56 => 31, 35
<5> 3, 16, 26, 31, 32, 33, 35, 36, 37, 40, 41, 42, 43, 44, 45, 46, 47, 48, 52, 56 => 5
<5> 3, 16, 25, 32, 33, 36, 37, 40, 44, 47, 48, 52, 55, 56 => 51
<5> 3, 16, 23, 26, 28, 32, 33, 36, 37, 40, 44, 45, 46, 47, 48, 52, 56 => 43
<5> 3, 16, 22, 26, 32, 33, 36, 37, 40, 43, 44, 45, 46, 47, 48, 52, 56 => 42
<5> 3, 15, 27, 33, 36, 37, 43, 44, 46, 47, 48, 50, 51, 52, 55, 56 => 32
<5> 3, 15, 26, 33, 37, 44, 46, 47, 48, 50, 51, 52, 54, 55, 56 => 45
<5> 3, 15, 25, 26, 33, 37, 40, 43, 44, 46, 47, 48 => 36
<5> 3, 15, 23, 26, 32, 33, 36, 37, 43, 44, 46, 47, 48 => 40, 42
<5> 3, 15, 21, 28, 33, 37, 40, 43, 44, 47, 48 => 42
<5> 3, 15, 21, 26, 33, 37, 44, 46, 47, 48, 51, 52, 55, 56 => 32, 36
<5> 3, 15, 21, 26, 32, 33, 36, 37, 44, 46, 47, 48, 52, 56 => 51, 55
<5> 3, 15, 20, 33, 36, 37, 42, 43, 44, 48, 52, 56 => 40
<5> 3, 15, 19, 32, 33, 36, 37, 44, 48, 52, 56 => 4, 51
<5> 3, 14, 33, 37, 41, 42, 43, 44, 47, 48 => 4, 27, 51, 52, 56
<5> 3, 5, 26, 31, 32, 33, 35, 36, 37, 40, 41, 42, 43, 44, 45, 46, 47, 48, 52, 56 => 16
<5> 3, 5, 26, 28, 32, 33, 36, 37, 40, 41, 42, 43, 44, 46, 47, 48, 56 => 45
<5> 3, 5, 25, 26, 32, 33, 36, 37, 39, 40, 43, 44, 47, 48 => 28
<5> 3, 5, 24, 32, 33, 36, 37, 39, 40, 43, 44, 46, 47, 48 => 42
<5> 3, 5, 24, 28, 33, 37, 40, 44, 46, 47, 48 => 32, 36, 39
<5> 3, 5, 23, 26, 28, 32, 33, 36, 37, 40, 43, 44, 46, 47, 48 => 42
<5> 3, 5, 19, 28, 32, 33, 36, 37, 40, 43, 44, 52 => 42
<5> 3, 5, 16, 28, 31, 32, 33, 35, 36, 37, 39, 40, 43, 44, 47, 48, 52, 55, 56 => 42
<5> 3, 5, 15, 33, 37, 44, 45, 46, 47, 48, 56 => 26
<5> 3, 5, 15, 23, 26, 33, 37, 43, 44, 46, 47, 48 => 42
<5> 3, 4, 25, 26, 33, 37, 40, 42, 43, 44, 46, 47, 48, 52, 55, 56 => 28
<5> 3, 4, 20, 28, 31, 32, 33, 35, 36, 37, 40, 43, 44, 46, 47, 48, 51, 52, 55, 56 => 42
<5> 3, 4, 15, 21, 33, 37, 40, 43, 44, 47, 48, 51, 52, 55, 56 => 42
<5> 2, 27, 33, 37, 41, 42, 43, 44, 48 => 52
<5> 2, 25, 26, 37, 41, 42, 43, 44, 47, 48 => 40
<5> 2, 24, 26, 41, 42, 43, 44, 46, 47, 48 => 5, 28, 40
<5> 2, 24, 26, 33, 37, 40, 43, 44, 46, 47, 48, 56 => 4, 52
<5> 2, 24, 26, 27, 40, 43, 44, 46, 47, 48, 56 => 4, 51, 52, 55
<5> 2, 21, 28, 37, 43, 44, 47, 48, 52, 56 => 51
<5> 2, 20, 27, 37, 43, 44, 48, 52, 56 => 51
<5> 2, 19, 28, 39, 40, 42, 43, 44, 48, 52, 56 => 51, 55
<5> 2, 19, 27, 43, 44, 48, 51, 52, 56 => 40
<5> 2, 19, 27, 42, 43, 44, 48, 52, 56 => 40
<5> 2, 14, 23, 26, 43, 44, 46, 47, 48 => 42
<5> 2, 14, 21, 37, 42, 43, 44, 47, 48 => 56
<5> 2, 14, 20, 37, 43, 44, 48, 52 => 42
<5> 2, 13, 44, 45, 46, 47, 48, 56 => 4, 37, 51, 52, 55
<5> 2, 13, 27, 37, 40, 43, 44, 46, 47, 48, 51, 52, 55, 56 => 42
<5> 2, 13, 27, 33, 37, 40, 43, 44, 48, 51, 52, 56 => 42
<5> 2, 13, 25, 26, 40, 43, 44, 46, 47, 48, 56 => 37, 52
<5> 2, 13, 23, 26, 40, 43, 44, 46, 47, 48, 52, 56 => 4, 37, 55
<5> 2, 13, 22, 26, 40, 43, 44, 46, 47, 48, 56 => 28
<5> 2, 13, 19, 44, 48, 51, 52, 56 => 37
<5> 2, 13, 19, 44, 47, 48, 52, 56 => 37
<5> 2, 12, 40, 41, 42, 43, 44, 52, 56 => 4, 51
<5> 2, 12, 40, 41, 42, 43, 44, 48, 56 => 28
<5> 2, 12, 40, 41, 42, 43, 44, 47, 48 => 26
<5> 2, 12, 37, 43, 44, 47, 48, 52, 55, 56 => 46
<5> 2, 12, 37, 39, 40, 43, 44, 47, 48 => 26
<5> 2, 12, 28, 40, 41, 42, 43, 44, 48 => 56
<5> 2, 12, 26, 27, 43, 44, 46, 47, 48 => 56
<5> 2, 12, 25, 26, 40, 43, 44, 46, 47, 48, 52, 56 => 4
<5> 2, 12, 25, 26, 39, 40, 43, 44, 47, 48 => 42
<5> 2, 12, 24, 26, 40, 42, 43, 44, 47, 48 => 28
<5> 2, 12, 20, 28, 39, 40, 43, 44, 48, 52, 56 => 42, 47, 51
<5> 2, 12, 19, 42, 43, 44, 47, 48, 52, 56 => 51
<5> 2, 11, 33, 37, 40, 43, 44, 47, 48, 56 => 4, 42, 52
<5> 2, 11, 28, 33, 37, 40, 44, 47, 48 => 39
<5> 2, 11, 26, 37, 40, 43, 44, 46, 47, 48, 52, 56 => 4
<5> 2, 5, 44, 48, 52, 55, 56 => 47, 51
<5> 2, 5, 39, 40, 41, 42, 43, 44, 47, 48 => 26
<5> 2, 5, 33, 37, 40, 43, 44, 48, 52, 56 => 13
<5> 2, 5, 28, 40, 43, 44, 46, 47, 48, 52, 56 => 39, 42
<5> 2, 5, 26, 37, 44, 46, 47, 48, 52, 56 => 27
<5> 2, 5, 26, 33, 37, 44, 46, 47, 48, 56 => 27
<5> 2, 5, 24, 26, 28, 39, 40, 43, 44, 47, 48 => 42
<5> 2, 5, 20, 40, 43, 44, 48, 51, 52, 56 => 47
<5> 2, 5, 14, 33, 37, 44, 48, 56 => 27
<5> 2, 5, 13, 40, 42, 43, 44, 52 => 33, 37
<5> 2, 5, 13, 37, 43, 44, 47, 48, 52, 56 => 27
<5> 2, 5, 13, 28, 39, 40, 43, 44, 48 => 37
<5> 2, 5, 12, 42, 43, 44, 48, 51, 52, 56 => 47
<5> 2, 4, 43, 44, 46, 47, 48, 51, 52, 54, 55, 56 => 42
<5> 2, 4, 37, 42, 43, 44, 47, 48, 50, 51, 52, 55, 56 => 33
<5> 2, 4, 33, 37, 44, 46, 47, 48, 51, 52, 54, 55, 56 => 50
<5> 2, 4, 26, 28, 39, 40, 43, 44, 45, 46, 47, 48, 51, 52, 55, 56 => 42
<5> 2, 4, 25, 26, 28, 39, 40, 43, 44, 46, 47, 48, 52, 56 => 51
<5> 2, 4, 24, 26, 27, 43, 44, 46, 47, 48, 51, 52, 55, 56 => 40
<5> 2, 4, 13, 21, 26, 40, 43, 44, 46, 47, 48, 51, 52, 55, 56 => 28
<5> 2, 4, 11, 40, 42, 43, 44, 47, 48, 52, 55, 56 => 51
<5> 2, 4, 11, 37, 40, 42, 43, 44, 47, 48, 52, 56 => 33
<5> 2, 4, 11, 28, 37, 40, 43, 44, 47, 48, 52, 56 => 39
<5> 1, 39, 40, 41, 42, 43, 44 => 28, 33, 37, 52
<5> 1, 32, 33, 36, 37, 44, 45, 46, 47, 48, 49, 50, 51, 52, 54, 55, 56 => 53
<5> 1, 28, 37, 38, 39, 40, 44, 48, 52, 55, 56 => 43
<5> 1, 26, 32, 33, 36, 37, 40, 41, 42, 43, 44, 46, 47, 48, 56 => 28
<5> 1, 26, 31, 32, 33, 35, 36, 37, 39, 40, 43, 44, 45, 46, 47, 48, 52, 55, 56 => 28
<5> 1, 24, 26, 42, 43, 44, 45, 46, 47, 48, 52, 56 => 40, 55
<5> 1, 24, 26, 39, 40, 44, 46, 47, 48, 52, 55, 56 => 4
<5> 1, 24, 26, 32, 33, 36, 37, 42, 43, 44, 46, 47, 48, 52, 56 => 55
<5> 1, 23, 26, 41, 42, 43, 44, 46, 47, 48 => 5
<5> 1, 23, 26, 33, 37, 44, 45, 46, 47, 48, 50, 51, 52, 54, 55, 56 => 4, 32, 36
<5> 1, 21, 26, 32, 33, 36, 37, 40, 43, 44, 46, 47, 48, 51, 52, 55, 56 => 45
<5> 1, 20, 33, 37, 39, 40, 43, 44, 48, 52, 56 => 51
<5> 1, 20, 32, 33, 36, 37, 44, 47, 48, 51, 52, 54, 55, 56 => 50
<5> 1, 19, 33, 37, 42, 43, 44, 47, 48, 50, 51, 52, 55, 56 => 32, 36, 46, 54
<5> 1, 19, 28, 32, 33, 36, 37, 40, 43, 44, 52 => 39
<5> 1, 11, 23, 26, 40, 43, 44, 46, 47, 48 => 42
<5> 1, 11, 22, 26, 44, 46, 47, 48 => 37, 43
<5> 1, 10, 28, 33, 37, 39, 40, 44, 56 => 48, 52
<5> 1, 10, 28, 33, 36, 37, 39, 40, 44, 47, 48 => 32
<5> 1, 10, 26, 33, 36, 37, 44, 45, 46, 47, 48, 52, 56 => 4, 51, 55
<5> 1, 10, 26, 28, 44, 45, 46, 47, 48, 52, 56 => 43
<5> 1, 10, 22, 26, 37, 44, 46, 47, 48, 52, 55, 56 => 33
<5> 1, 10, 22, 26, 37, 42, 43, 44, 46, 47, 48, 52, 56 => 33
<5> 1, 10, 22, 26, 33, 37, 44, 45, 46, 47, 48, 52, 56 => 27
<5> 1, 10, 20, 33, 37, 43, 44, 48, 51, 52, 55, 56 => 4, 42
<5> 1, 10, 20, 33, 37, 42, 43, 44, 48, 51, 52, 56 => 4, 55
<5> 1, 9, 33, 37, 41, 42, 43, 44 => 28, 32, 36, 40, 48, 56
<5> 1, 9, 32, 33, 36, 37, 39, 40, 42, 43, 44, 47, 48, 52, 55, 56 => 51
<5> 1, 9, 31, 32, 33, 35, 36, 37, 43, 44, 45, 46, 47, 48, 52, 55, 56 => 26
<5> 1, 9, 28, 33, 37, 40, 42, 43, 44, 47, 48, 52, 55, 56 => 4, 51
<5> 1, 9, 28, 33, 37, 38, 39, 40, 44 => 5, 32, 36, 52, 56
<5> 1, 9, 23, 26, 33, 36, 37, 40, 43, 44, 46, 47, 48, 52, 56 => 39
<5> 1, 9, 23, 26, 32, 33, 36, 37, 43, 44, 46, 47, 48, 52, 56 => 45
<5> 1, 9, 22, 26, 33, 37, 40, 43, 44, 46, 47, 48, 52, 56 => 32, 36
<5> 1, 9, 21, 26, 33, 37, 40, 44, 46, 47, 48, 52, 55, 56 => 51
<5> 1, 9, 21, 26, 33, 36, 37, 40, 44, 46, 47, 48, 52, 56 => 32
<5> 1, 9, 20, 33, 37, 44, 47, 48, 51, 52, 55, 56 => 50
<5> 1, 9, 20, 33, 37, 42, 43, 44, 52 => 48, 51, 56
<5> 1, 9, 20, 33, 37, 40, 43, 44, 48, 51, 52, 56 => 32, 36
<5> 1, 8, 26, 32, 33, 36, 37, 39, 40, 43, 44, 45, 46, 47, 48, 52, 56 => 28
<5> 1, 5, 31, 32, 33, 35, 36, 37, 43, 44, 47, 48, 52, 56 => 40, 46
<5> 1, 5, 23, 26, 33, 36, 37, 40, 43, 44, 46, 47, 48, 52, 56 => 39
<5> 1, 5, 23, 26, 27, 33, 37, 43, 44, 46, 47, 48, 56 => 42
<5> 1, 5, 21, 28, 33, 37, 40, 44, 46, 47, 48 => 39
<5> 1, 5, 21, 26, 33, 37, 43, 44, 45, 46, 47, 48, 52, 56 => 27
<5> 1, 5, 10, 24, 26, 33, 37, 44, 46, 47, 48 => 40
<5> 1, 5, 10, 23, 26, 33, 37, 44, 46, 47, 48 => 42, 43
<5> 1, 5, 8, 32, 33, 36, 37, 40, 44, 46, 47, 48, 52, 56 => 26, 39
<5> 1, 4, 32, 33, 36, 37, 43, 44, 45, 46, 47, 48, 50, 51, 52, 53, 54, 55, 56 => 31, 35
<5> 1, 4, 31, 32, 33, 35, 36, 37, 39, 40, 43, 44, 46, 47, 48, 50, 51, 52, 54, 55, 56 => 8
<5> 1, 4, 25, 33, 37, 43, 44, 45, 46, 47, 48, 51, 52, 55, 56 => 32, 36, 50, 54
<5> 1, 4, 25, 32, 33, 36, 37, 43, 44, 46, 47, 48, 51, 52, 54, 55, 56 => 45, 50
<5> 1, 4, 24, 26, 32, 33, 36, 37, 40, 44, 46, 47, 48, 51, 52, 55, 56 => 28
<5> 1, 4, 23, 26, 32, 33, 36, 37, 44, 45, 46, 47, 48, 51, 52, 55, 56 => 50, 54
<5> 1, 4, 22, 26, 42, 43, 44, 46, 47, 48, 51, 52, 55, 56 => 40
<5> 1, 4, 22, 26, 32, 33, 36, 37, 40, 44, 45, 46, 47, 48, 51, 52, 55, 56 => 54
<5> 1, 4, 21, 26, 33, 37, 44, 46, 47, 48, 51, 52, 54, 55, 56 => 40, 50
<5> 1, 4, 21, 26, 33, 37, 43, 44, 45, 46, 47, 48, 51, 52, 55, 56 => 40
<5> 1, 4, 19, 32, 33, 36, 37, 44, 46, 47, 48, 51, 52, 55, 56 => 50, 54
<5> 1, 4, 11, 39, 40, 43, 44, 47, 48, 52, 55, 56 => 26, 46
<5> 1, 4, 10, 26, 28, 33, 37, 40, 42, 43, 44, 46, 47, 48, 51, 52, 55, 56 => 36
<5> 1, 4, 9, 28, 32, 33, 36, 37, 40, 43, 44, 46, 47, 48, 50, 51, 52, 54, 55, 56 => 45
<5> 0, 33, 37, 39, 40, 41, 42, 43, 44, 46, 47, 48, 52, 56 => 26
<5> 0, 31, 32, 33, 35, 36, 37, 40, 41, 42, 43, 44, 45, 46, 47, 48, 50, 51, 52, 53, 54, 55, 56 => 4, 28
<5> 0, 24, 26, 31, 32, 33, 34, 35, 36, 37, 40, 43, 44, 45, 46, 47, 48, 51, 52, 54, 55, 56 => 28, 30
<5> 0, 21, 26, 27, 31, 32, 33, 35, 36, 37, 43, 44, 45, 46, 47, 48, 50, 51, 52, 54, 55, 56 => 42
<5> 0, 20, 31, 32, 33, 35, 36, 37, 40, 42, 43, 44, 45, 46, 47, 48, 49, 50, 51, 52, 54, 55, 56 => 28
<5> 0, 20, 30, 31, 32, 33, 35, 36, 37, 40, 44, 45, 46, 47, 48, 50, 51, 52, 54, 55, 56 => 28
<5> 0, 20, 28, 31, 32, 33, 35, 36, 37, 40, 42, 43, 44, 45, 46, 47, 48, 50, 51, 52, 54, 55, 56 => 49
<5> 0, 19, 30, 31, 32, 33, 35, 36, 37, 44, 45, 46, 47, 48, 50, 51, 52, 54, 55, 56 => 6, 34, 43
<5> 0, 18, 31, 32, 33, 35, 36, 37, 39, 40, 44, 45, 46, 47, 48, 50, 51, 52, 54, 55, 56 => 21
<5> 0, 8, 25, 26, 32, 33, 36, 37, 45, 46, 47, 48, 51, 52, 55, 56 => 27
<5> 0, 8, 24, 26, 33, 36, 37, 40, 44, 46, 47, 48, 52, 56 => 43
<5> 0, 8, 23, 26, 33, 37, 44, 46, 47, 48, 52, 56 => 40
<5> 0, 8, 21, 26, 33, 36, 37, 40, 44, 46, 47, 48, 52, 56 => 28
<5> 0, 7, 31, 32, 33, 34, 35, 36, 37, 40, 42, 43, 44, 45, 46, 47, 48, 51, 52, 54, 55, 56 => 26
<5> 0, 7, 31, 32, 33, 34, 35, 36, 37, 39, 40, 43, 44, 45, 46, 47, 48, 51, 52, 54, 55, 56 => 26
<5> 0, 7, 25, 26, 31, 32, 33, 35, 36, 37, 40, 43, 44, 45, 46, 47, 48, 51, 52, 55, 56 => 42
<5> 0, 7, 23, 26, 28, 32, 33, 36, 37, 40, 43, 44, 45, 46, 47, 48, 52, 55, 56 => 39
<5> 0, 7, 21, 26, 32, 33, 36, 37, 40, 45, 46, 47, 48, 51, 52, 55, 56 => 28
<5> 0, 7, 20, 28, 31, 32, 33, 35, 36, 37, 40, 44, 45, 46, 47, 48, 51, 52, 54, 55, 56 => 39
<5> 0, 7, 19, 32, 33, 36, 37, 39, 40, 47, 48, 51, 52, 55, 56 => 28
<5> 0, 7, 19, 28, 32, 33, 36, 37, 40, 47, 48, 51, 52, 55, 56 => 39
<5> 0, 6, 31, 32, 33, 35, 36, 37, 41, 42, 43, 44, 45, 46, 47, 48, 51, 52, 54, 55, 56 => 50
<5> 0, 6, 25, 26, 31, 32, 33, 35, 36, 37, 43, 44, 45, 46, 47, 48, 51, 52, 55, 56 => 42
<5> 0, 6, 24, 26, 31, 32, 33, 35, 36, 37, 39, 40, 43, 44, 45, 46, 47, 48, 51, 52, 55, 56 => 54
<5> 0, 6, 24, 26, 28, 31, 32, 33, 35, 36, 37, 40, 43, 44, 45, 46, 47, 48, 51, 52, 55, 56 => 54
<5> 0, 6, 21, 28, 31, 32, 33, 35, 36, 37, 40, 44, 45, 46, 47, 48, 51, 52, 55, 56 => 39
<5> 0, 6, 20, 31, 32, 33, 35, 36, 37, 44, 45, 46, 47, 48, 50, 51, 52, 53, 54, 55, 56 => 4, 40, 49
<5> 0, 6, 19, 31, 32, 33, 34, 35, 36, 37, 43, 44, 45, 46, 47, 48, 50, 51, 52, 54, 55, 56 => 30
<5> 0, 6, 19, 28, 32, 33, 36, 37, 40, 43, 44, 46, 47, 48, 51, 52, 55, 56 => 42
<5> 0, 5, 31, 32, 33, 34, 35, 36, 37, 40, 42, 43, 44, 45, 46, 47, 48, 51, 52, 54, 55, 56 => 39
<5> 0, 5, 26, 31, 32, 33, 34, 35, 36, 37, 43, 44, 45, 46, 47, 48, 51, 52, 54, 55, 56 => 39, 40
<5> 0, 5, 26, 30, 31, 32, 33, 34, 35, 36, 37, 44, 45, 46, 47, 48, 51, 52, 54, 55, 56 => 39, 40
<5> 0, 5, 8, 28, 32, 33, 36, 37, 40, 44, 47, 48, 51, 52, 55, 56 => 31, 35, 39
<5> 0, 5, 8, 27, 32, 33, 36, 37, 43, 44, 52 => 42
<5> 0, 5, 6, 20, 31, 32, 33, 35, 36, 37, 44, 46, 47, 48, 51, 52, 54, 55, 56 => 43
<5> 0, 4, 25, 26, 31, 32, 33, 35, 36, 37, 43, 44, 45, 46, 47, 48, 50, 51, 52, 53, 54, 55, 56 => 30, 34, 42
<5> 0, 4, 24, 26, 28, 31, 32, 33, 35, 36, 37, 40, 43, 44, 45, 46, 47, 48, 50, 51, 52, 53, 54, 55, 56 => 30
<5> 0, 4, 23, 26, 27, 31, 32, 33, 35, 36, 37, 43, 44, 45, 46, 47, 48, 50, 51, 52, 54, 55, 56 => 40
<5> 0, 4, 22, 26, 30, 31, 32, 33, 35, 36, 37, 44, 45, 46, 47, 48, 50, 51, 52, 53, 54, 55, 56 => 42, 43
<5> 0, 4, 7, 28, 31, 32, 33, 35, 36, 37, 39, 40, 44, 45, 46, 47, 48, 49, 50, 51, 52, 54, 55, 56 => 43
<5> 0, 4, 7, 26, 31, 32, 33, 35, 36, 37, 39, 40, 44, 45, 46, 47, 48, 50, 51, 52, 53, 54, 55, 56 => 34
<5> 0, 4, 7, 26, 31, 32, 33, 34, 35, 36, 37, 40, 43, 44, 45, 46, 47, 48, 50, 51, 52, 53, 54, 55, 56 => 30
<5> 0, 4, 6, 19, 31, 32, 33, 35, 36, 37, 43, 44, 45, 46, 47, 48, 50, 51, 52, 54, 55, 56 => 49, 53
