<32> 33, 37, 40, 41, 42, 43, 44, 45, 46, 47, 48, 56 => 32, 36
<32> 24, 33, 37, 39, 40, 46, 47, 48, 56 => 52
<32> 23, 26, 31, 32, 33, 36, 37, 46, 47, 48, 52, 56 => 45
<32> 22, 39, 40, 44, 46, 47, 48 => 26
<32> 22, 32, 33, 35, 36, 37, 44, 46, 47, 48, 52, 56 => 45
<32> 21, 47, 48, 51, 52, 54, 55, 56 => 33, 37, 46
<32> 19, 27, 44, 52, 56 => 48
<32> 17, 32, 33, 36, 37, 44, 46, 47, 48, 51, 52, 54, 55, 56 => 45
<32> 14, 28, 44 => 43
<32> 11, 26, 43, 44, 47, 48, 56 => 46
<32> 8, 33, 37, 39, 40 => 47, 48, 52, 56
<32> 5, 20, 37, 44, 51, 52, 56 => 33
<32> 5, 20, 33, 36, 37, 44, 48, 52 => 32
<32> 3, 15, 26, 33, 36, 37, 47, 48 => 46
<32> 3, 5, 28, 33, 37, 40, 44, 48, 56 => 32, 36
<32> 3, 5, 28, 33, 37, 40, 44, 48, 52 => 32, 36
<32> 3, 4, 31, 32, 33, 36, 37, 44, 47, 48, 51, 52, 55, 56 => 46
<32> 2, 28, 37, 40, 43, 44, 48, 52, 55, 56 => 4
<32> 2, 28, 37, 40, 43, 44, 48, 51, 52, 56 => 4
<32> 0, 27, 32, 33, 36, 37, 40, 44, 45, 46, 47, 48, 50, 51, 52, 54, 55, 56 => 31, 35
<32> 0, 6, 32, 33, 36, 37, 39, 40, 45, 46, 47, 48, 52, 55, 56 => 35
