<2> 37, 38, 39, 40, 42, 43, 44 => 1, 8, 26, 28, 31, 32, 33, 35, 36, 45, 46, 47, 48, 52, 55, 56
<2> 32, 33, 36, 37, 38, 39, 40, 45, 46, 47, 48, 49, 50, 51, 52, 54, 55, 56 => 0, 4, 53
<2> 29, 33, 37, 40, 44, 46, 47, 48, 52, 55, 56 => 0, 32, 36, 43, 45, 50, 51, 54
<2> 27, 39, 40, 41, 42, 43, 44, 47, 48 => 5, 25, 26, 37
<2> 25, 26, 27, 31, 32, 33, 35, 36, 37, 39, 40, 43, 44, 45, 46, 47, 48, 51, 52, 54, 55, 56 => 0, 6, 30, 34, 42
<2> 23, 26, 27, 33, 37, 41, 42, 43, 44, 45, 46, 47, 48, 52, 56 => 4, 51, 55
<2> 22, 26, 31, 32, 33, 35, 36, 37, 41, 42, 43, 44, 45, 46, 47, 48, 52, 56 => 27
<2> 22, 26, 28, 40, 41, 42, 43, 44, 45, 46, 47, 48, 52, 56 => 4, 51, 55
<2> 22, 26, 28, 39, 40, 41, 42, 43, 44, 46, 47, 48, 52, 56 => 1, 32, 33, 36, 37
<2> 21, 29, 33, 37, 44, 46, 47, 48, 52, 55, 56 => 3, 26, 32, 36, 45, 50, 51, 54
<2> 21, 27, 32, 33, 36, 37, 39, 40, 42, 43, 44, 45, 46, 47, 48, 51, 52, 55, 56 => 0, 30, 31, 34, 35, 50, 54
<2> 21, 26, 39, 40, 41, 42, 43, 44, 46, 47, 48 => 3, 5, 28, 32, 33, 36, 37
<2> 21, 26, 28, 32, 33, 36, 37, 38, 39, 40, 44, 46, 47, 48, 52, 56 => 1
<2> 21, 26, 27, 32, 33, 36, 37, 39, 40, 42, 43, 44, 45, 46, 47, 48, 52, 56 => 5
<2> 20, 37, 38, 39, 40, 44 => 5, 28, 32, 33, 36, 43, 48, 51, 52, 55, 56
<2> 20, 27, 32, 33, 36, 37, 39, 40, 44, 46, 47, 48, 51, 52, 55, 56 => 31, 35, 43, 45, 50, 54
<2> 19, 29, 33, 37, 43, 44, 46, 47, 48, 51, 52, 55, 56 => 5
<2> 19, 29, 32, 33, 36, 37, 44, 45, 46, 47, 48, 50, 51, 52, 53, 54, 55, 56 => 4, 49
<2> 19, 29, 31, 32, 33, 35, 36, 37, 44, 45, 46, 47, 48, 50, 51, 52, 54, 55, 56 => 34
<2> 19, 28, 33, 37, 39, 40, 41, 42, 43, 44, 52 => 5
<2> 19, 28, 32, 33, 36, 37, 38, 39, 40, 43, 44, 51, 52, 56 => 5
<2> 19, 27, 41, 42, 43, 44, 48, 51, 52, 56 => 14
<2> 19, 27, 40, 41, 42, 43, 44, 52 => 5
<2> 18, 37, 40, 41, 42, 43, 44, 48, 51, 52, 56 => 3, 28, 33, 47, 55
<2> 18, 25, 37, 44, 47, 48, 52, 56 => 4, 28, 32, 33, 36, 40, 45, 46, 51, 54, 55
<2> 18, 24, 33, 37, 44, 46, 47, 48, 52, 56 => 3, 16, 28, 31, 32, 35, 36, 39, 40, 42, 43, 50, 51, 54, 55
<2> 18, 21, 37, 40, 41, 42, 43, 44, 51, 52, 56 => 4
<2> 17, 32, 33, 36, 37, 41, 42, 43, 44, 45, 46, 47, 48, 50, 51, 52, 54, 55, 56 => 31, 35
<2> 17, 27, 31, 32, 33, 35, 36, 37, 39, 40, 42, 43, 44, 45, 46, 47, 48, 52, 56 => 5, 26
<2> 17, 26, 31, 32, 33, 35, 36, 37, 41, 42, 43, 44, 45, 46, 47, 48, 51, 52, 54, 55, 56 => 21
<2> 17, 26, 29, 32, 33, 36, 37, 44, 45, 46, 47, 48, 49, 50, 51, 52, 53, 54, 55, 56 => 23
<2> 17, 26, 28, 31, 32, 33, 35, 36, 37, 39, 40, 42, 43, 44, 45, 46, 47, 48, 52, 56 => 24
<2> 17, 25, 26, 31, 32, 33, 35, 36, 37, 39, 40, 44, 45, 46, 47, 48, 52, 56 => 27, 51, 55
<2> 17, 25, 26, 27, 31, 32, 33, 35, 36, 37, 40, 42, 43, 44, 45, 46, 47, 48, 52, 55, 56 => 5
<2> 17, 24, 26, 27, 31, 32, 33, 35, 36, 37, 40, 44, 45, 46, 47, 48, 51, 52, 55, 56 => 5
<2> 17, 23, 26, 32, 33, 36, 37, 44, 45, 46, 47, 48, 49, 50, 51, 52, 53, 54, 55, 56 => 29
<2> 17, 23, 26, 32, 33, 36, 37, 40, 44, 45, 46, 47, 48, 51, 52, 55, 56 => 4, 31, 35, 43
<2> 17, 23, 26, 29, 32, 33, 36, 37, 44, 45, 46, 47, 48, 50, 51, 52, 54, 55, 56 => 49, 53
<2> 17, 23, 26, 27, 31, 32, 33, 35, 36, 37, 40, 43, 44, 45, 46, 47, 48, 52, 56 => 3, 42
<2> 17, 21, 31, 32, 33, 35, 36, 37, 39, 40, 43, 44, 45, 46, 47, 48, 51, 52, 54, 55, 56 => 0, 50
<2> 17, 21, 26, 32, 33, 36, 37, 40, 41, 42, 43, 44, 45, 46, 47, 48, 56 => 3, 28
<2> 17, 20, 32, 33, 36, 37, 44, 45, 46, 47, 48, 49, 50, 51, 52, 54, 55, 56 => 0, 28, 31, 35, 40, 42, 43
<2> 17, 18, 32, 33, 36, 37, 40, 44, 46, 47, 48, 52, 56 => 0, 31, 35, 43, 45, 49, 50, 51, 53, 54, 55
<2> 14, 33, 36, 37, 41, 42, 43, 44, 47, 48 => 26, 46
<2> 14, 26, 28, 33, 36, 37, 40, 42, 43, 44, 46, 47, 48 => 5
<2> 14, 25, 26, 33, 36, 37, 42, 43, 44, 46, 47, 48 => 4, 27, 51, 52, 55, 56
<2> 14, 24, 26, 33, 37, 41, 42, 43, 44, 46, 47, 48 => 2, 5, 28, 40
<2> 14, 23, 26, 33, 37, 41, 42, 43, 44, 46, 47, 48 => 2, 4, 45, 51, 52, 55, 56
<2> 14, 23, 26, 27, 33, 37, 43, 44, 46, 47, 48 => 4, 42, 45, 51, 52, 55, 56
<2> 14, 22, 26, 33, 36, 37, 44, 46, 47, 48 => 2, 4, 45, 51, 52, 55, 56
<2> 14, 22, 26, 28, 37, 40, 43, 44, 46, 47, 48, 56 => 2
<2> 14, 22, 26, 28, 33, 37, 40, 42, 43, 44, 46, 47, 48 => 2
<2> 14, 21, 33, 36, 37, 42, 43, 44, 46, 47, 48 => 26, 40
<2> 14, 21, 26, 33, 37, 41, 42, 43, 44, 46, 47, 48 => 4, 51, 52, 55, 56
<2> 14, 20, 27, 33, 37, 42, 43, 44, 48, 52, 56 => 41, 51
<2> 14, 19, 41, 42, 43, 44, 48, 51, 52, 56 => 27
<2> 14, 19, 33, 36, 37, 43, 44, 48 => 40
<2> 14, 18, 44, 52 => 2, 21, 37, 42, 43, 47, 48, 51, 56
<2> 11, 40, 41, 42, 43, 44, 47, 48, 52, 55, 56 => 4, 27, 33, 37, 51
<2> 11, 39, 40, 41, 42, 43, 44, 47, 48 => 2, 28, 52, 56
<2> 11, 27, 40, 41, 42, 43, 44, 47, 48 => 4, 33, 37, 51, 52, 55, 56
<2> 11, 25, 26, 28, 39, 40, 42, 43, 44, 47, 48 => 5
<2> 11, 24, 26, 33, 37, 40, 43, 44, 46, 47, 48, 56 => 4, 42, 52
<2> 11, 23, 26, 40, 41, 42, 43, 44, 46, 47, 48 => 1, 5, 28
<2> 11, 23, 26, 28, 37, 40, 42, 43, 44, 46, 47, 48 => 1, 33
<2> 11, 22, 26, 39, 40, 44, 46, 47, 48 => 28, 33, 37
<2> 11, 22, 26, 33, 37, 42, 43, 44, 46, 47, 48, 52, 55, 56 => 27
<2> 8, 27, 32, 33, 36, 37, 39, 40, 46, 47, 48, 51, 52, 55, 56 => 45
<2> 8, 27, 32, 33, 36, 37, 39, 40, 43, 44, 46, 47, 48, 52, 56 => 1, 31, 35, 42
<2> 8, 26, 27, 32, 33, 36, 37, 39, 40, 46, 47, 48, 52, 56 => 5, 25
<2> 8, 25, 26, 32, 33, 36, 37, 39, 40, 43, 44, 46, 47, 48, 51, 52, 54, 55, 56 => 4, 28, 50
<2> 8, 25, 26, 31, 32, 33, 35, 36, 37, 39, 40, 43, 44, 46, 47, 48, 52, 56 => 1
<2> 8, 25, 26, 28, 32, 33, 36, 37, 40, 43, 44, 46, 47, 48, 52, 56 => 4, 39, 50, 51, 54, 55
<2> 8, 23, 26, 28, 32, 33, 36, 37, 39, 40, 44, 45, 46, 47, 48, 52, 55, 56 => 0
<2> 8, 22, 26, 28, 31, 32, 33, 35, 36, 37, 38, 39, 40, 43, 44, 45, 46, 47, 48, 52, 55, 56 => 1
<2> 8, 20, 27, 32, 33, 36, 37, 43, 44, 47, 48, 51, 52, 55, 56 => 1
<2> 8, 19, 32, 33, 36, 37, 42, 43, 44, 46, 47, 48, 50, 51, 52, 54, 55, 56 => 1
<2> 5, 29, 33, 37, 43, 44, 46, 47, 48, 51, 52, 55, 56 => 19
<2> 5, 29, 31, 32, 33, 35, 36, 37, 44, 45, 46, 47, 48, 50, 51, 52, 54, 55, 56 => 0, 34
<2> 5, 28, 40, 41, 42, 43, 44, 48, 51, 52, 56 => 32, 33, 36, 37
<2> 5, 26, 29, 32, 33, 36, 37, 44, 45, 46, 47, 48, 50, 51, 52, 54, 55, 56 => 49, 53
<2> 5, 26, 28, 31, 32, 33, 35, 36, 37, 40, 44, 47, 48, 50, 51, 52, 55, 56 => 39
<2> 5, 25, 26, 37, 39, 40, 41, 42, 43, 44, 47, 48 => 27
<2> 5, 25, 26, 32, 33, 36, 37, 44, 47, 48, 50, 51, 52, 55, 56 => 31, 35, 40, 42, 43
<2> 5, 23, 26, 33, 37, 41, 42, 43, 44, 45, 46, 47, 48, 52, 56 => 28, 32, 36, 40
<2> 5, 23, 26, 27, 33, 37, 41, 42, 43, 44, 46, 47, 48, 52, 56 => 1
<2> 5, 22, 31, 32, 33, 35, 36, 37, 44, 45, 46, 47, 48, 50, 51, 52, 53, 54, 55, 56 => 27, 42, 43, 49
<2> 5, 22, 31, 32, 33, 35, 36, 37, 43, 44, 45, 46, 47, 48, 50, 51, 52, 54, 55, 56 => 27, 42, 49, 53
<2> 5, 22, 26, 33, 37, 41, 42, 43, 44, 45, 46, 47, 48, 52, 56 => 3
<2> 5, 22, 26, 28, 40, 41, 42, 43, 44, 46, 47, 48, 56 => 39
<2> 5, 21, 32, 33, 36, 37, 44, 45, 46, 47, 48, 50, 51, 52, 53, 54, 55, 56 => 26, 49
<2> 5, 20, 33, 37, 41, 42, 43, 44, 46, 47, 48, 51, 52, 55, 56 => 27
<2> 5, 20, 27, 33, 37, 40, 41, 42, 43, 44, 48, 52 => 2
<2> 5, 19, 29, 33, 37, 44, 46, 47, 48, 51, 52, 55, 56 => 43
<2> 5, 19, 28, 32, 33, 36, 37, 38, 39, 40, 44, 51, 52, 56 => 43
<2> 5, 18, 27, 32, 33, 36, 37, 40, 43, 44, 46, 47, 48, 52, 56 => 42
<2> 5, 18, 21, 32, 33, 36, 37, 40, 42, 43, 44, 46, 47, 48, 52, 56 => 3
<2> 5, 17, 32, 33, 36, 37, 41, 42, 43, 44, 46, 47, 48, 51, 52, 55, 56 => 27, 31, 35, 45
<2> 5, 17, 32, 33, 36, 37, 40, 41, 42, 43, 44, 46, 47, 48, 56 => 3, 28
<2> 5, 17, 24, 26, 31, 32, 33, 35, 36, 37, 40, 43, 44, 45, 46, 47, 48, 52, 56 => 3, 42
<2> 5, 17, 23, 26, 32, 33, 36, 37, 43, 44, 45, 46, 47, 48, 52, 56 => 3, 31, 35, 40, 42
<2> 5, 17, 22, 31, 32, 33, 35, 36, 37, 40, 43, 44, 45, 46, 47, 48, 52, 56 => 27
<2> 5, 14, 40, 43, 44, 48, 52, 56 => 42
<2> 5, 14, 37, 42, 43, 44, 47, 48, 52, 56 => 28
<2> 5, 14, 33, 37, 40, 43, 44, 47, 48, 56 => 42
<2> 5, 14, 24, 26, 28, 33, 37, 40, 42, 43, 44, 46, 47, 48 => 2, 41
<2> 5, 14, 22, 26, 28, 33, 37, 40, 43, 44, 46, 47, 48 => 39
<2> 5, 14, 21, 37, 42, 43, 44, 47, 48, 56 => 2
<2> 5, 14, 21, 26, 28, 33, 37, 40, 43, 44, 46, 47, 48 => 39
<2> 5, 11, 28, 37, 39, 40, 42, 43, 44, 48, 52, 56 => 20
<2> 5, 11, 26, 28, 37, 39, 40, 42, 43, 44, 46, 47, 48 => 24
<2> 5, 11, 26, 28, 33, 37, 38, 39, 40, 44, 46, 47, 48 => 2
<2> 5, 11, 24, 26, 28, 33, 37, 39, 40, 43, 44, 46, 47, 48 => 1
<2> 5, 11, 23, 26, 28, 40, 42, 43, 44, 46, 47, 48 => 1, 41
<2> 5, 11, 21, 26, 37, 40, 42, 43, 44, 46, 47, 48, 56 => 1, 27
<2> 5, 11, 21, 26, 33, 37, 40, 43, 44, 46, 47, 48 => 1
<2> 5, 11, 21, 26, 28, 37, 40, 43, 44, 46, 47, 48 => 39
<2> 5, 11, 20, 28, 37, 40, 42, 43, 44, 48, 52, 56 => 39
<2> 5, 8, 33, 37, 40, 41, 42, 43, 44, 52 => 0
<2> 5, 8, 32, 33, 36, 37, 42, 43, 44, 46, 47, 48, 51, 52, 54, 55, 56 => 27
<2> 5, 8, 27, 32, 33, 36, 37, 39, 40, 46, 47, 48, 52, 56 => 25, 26
<2> 5, 8, 26, 28, 31, 32, 33, 35, 36, 37, 39, 40, 42, 43, 44, 45, 46, 47, 48, 52, 55, 56 => 22
<2> 5, 8, 23, 26, 33, 37, 42, 43, 44, 46, 47, 48, 52, 56 => 41
<2> 5, 8, 23, 26, 32, 33, 36, 37, 44, 45, 46, 47, 48, 52, 56 => 28, 39, 40
<2> 5, 8, 23, 26, 32, 33, 36, 37, 43, 44, 46, 47, 48, 52, 56 => 1
<2> 5, 8, 19, 27, 32, 33, 36, 37, 40, 42, 43, 44, 52 => 0
<2> 4, 24, 26, 32, 33, 36, 37, 38, 39, 40, 43, 44, 45, 46, 47, 48, 50, 51, 52, 54, 55, 56 => 0, 8, 53
<2> 4, 24, 26, 29, 32, 33, 36, 37, 43, 44, 45, 46, 47, 48, 50, 51, 52, 54, 55, 56 => 8, 53
<2> 4, 22, 26, 32, 33, 36, 37, 41, 42, 43, 44, 45, 46, 47, 48, 51, 52, 54, 55, 56 => 50, 53
<2> 4, 21, 28, 32, 33, 36, 37, 38, 39, 40, 45, 46, 47, 48, 50, 51, 52, 54, 55, 56 => 26
<2> 4, 21, 26, 27, 32, 33, 36, 37, 41, 42, 43, 44, 45, 46, 47, 48, 51, 52, 55, 56 => 3
<2> 4, 20, 27, 33, 37, 40, 41, 42, 43, 44, 47, 48, 51, 52, 55, 56 => 1
<2> 4, 20, 27, 31, 32, 33, 35, 36, 37, 40, 43, 44, 45, 46, 47, 48, 50, 51, 52, 54, 55, 56 => 49, 53
<2> 4, 19, 29, 32, 33, 36, 37, 44, 45, 46, 47, 48, 50, 51, 52, 54, 55, 56 => 49, 53
<2> 4, 18, 37, 40, 41, 42, 43, 44, 51, 52, 56 => 21
<2> 4, 18, 31, 32, 33, 35, 36, 37, 40, 42, 43, 44, 45, 46, 47, 48, 49, 50, 51, 52, 53, 54, 55, 56 => 39
<2> 4, 18, 21, 33, 37, 42, 43, 44, 46, 47, 48, 50, 51, 52, 54, 55, 56 => 27
<2> 4, 17, 27, 31, 32, 33, 35, 36, 37, 39, 40, 43, 44, 45, 46, 47, 48, 51, 52, 55, 56 => 3
<2> 4, 17, 26, 29, 32, 33, 36, 37, 43, 44, 45, 46, 47, 48, 50, 51, 52, 54, 55, 56 => 3
<2> 4, 17, 25, 26, 31, 32, 33, 35, 36, 37, 40, 42, 43, 44, 45, 46, 47, 48, 51, 52, 55, 56 => 28
<2> 4, 17, 24, 26, 32, 33, 36, 37, 40, 42, 43, 44, 45, 46, 47, 48, 51, 52, 55, 56 => 0, 54
<2> 4, 17, 19, 31, 32, 33, 35, 36, 37, 40, 42, 43, 44, 46, 47, 48, 51, 52, 55, 56 => 28
<2> 4, 14, 33, 37, 41, 42, 43, 44, 47, 48, 50, 51, 52, 55, 56 => 26, 45, 46, 54
<2> 4, 14, 33, 36, 37, 44, 47, 48, 50, 51, 52, 55, 56 => 26, 45, 46, 54
<2> 4, 14, 27, 33, 37, 42, 43, 44, 47, 48, 50, 51, 52, 55, 56 => 46, 54
<2> 4, 14, 26, 33, 37, 40, 42, 43, 44, 45, 46, 47, 48, 52, 55, 56 => 28
<2> 4, 14, 24, 26, 33, 37, 43, 44, 46, 47, 48, 51, 52, 55, 56 => 2, 45
<2> 4, 14, 24, 26, 33, 37, 40, 42, 43, 44, 46, 47, 48, 52, 55, 56 => 28
<2> 4, 14, 22, 26, 33, 37, 42, 43, 44, 45, 46, 47, 48, 51, 52, 55, 56 => 27
<2> 4, 14, 19, 33, 37, 42, 43, 44, 47, 48, 51, 52, 55, 56 => 2, 40
<2> 4, 11, 26, 39, 40, 42, 43, 44, 46, 47, 48, 52, 55, 56 => 1
<2> 4, 11, 26, 28, 37, 38, 39, 40, 43, 44, 46, 47, 48, 52, 56 => 1
<2> 4, 11, 25, 26, 28, 40, 42, 43, 44, 46, 47, 48, 52, 56 => 1, 51, 55
<2> 4, 11, 24, 26, 40, 42, 43, 44, 46, 47, 48, 52, 55, 56 => 1, 27, 45, 51
<2> 4, 11, 24, 26, 39, 40, 43, 44, 46, 47, 48, 52, 55, 56 => 1
<2> 4, 11, 24, 26, 37, 40, 43, 44, 46, 47, 48, 52, 55, 56 => 1
<2> 4, 11, 24, 26, 37, 40, 42, 43, 44, 46, 47, 48, 52, 56 => 33
<2> 4, 11, 23, 26, 28, 37, 40, 43, 44, 46, 47, 48, 52, 55, 56 => 39
<2> 4, 8, 31, 32, 33, 35, 36, 37, 40, 42, 43, 44, 45, 46, 47, 48, 50, 51, 52, 53, 54, 55, 56 => 1, 27, 49
<2> 4, 8, 29, 32, 33, 36, 37, 44, 45, 46, 47, 48, 50, 51, 52, 54, 55, 56 => 24, 26, 43, 53
<2> 4, 8, 27, 31, 32, 33, 35, 36, 37, 40, 43, 44, 45, 46, 47, 48, 49, 50, 51, 52, 53, 54, 55, 56 => 1, 42
<2> 4, 8, 21, 26, 28, 31, 32, 33, 35, 36, 37, 39, 40, 43, 44, 45, 46, 47, 48, 50, 51, 52, 54, 55, 56 => 42
<2> 4, 8, 20, 31, 32, 33, 35, 36, 37, 44, 45, 46, 47, 48, 50, 51, 52, 54, 55, 56 => 27, 49, 53
<2> 4, 8, 20, 31, 32, 33, 35, 36, 37, 39, 40, 43, 44, 46, 47, 48, 50, 51, 52, 54, 55, 56 => 42
<2> 3, 31, 32, 33, 35, 36, 37, 43, 44, 45, 46, 47, 48, 49, 50, 51, 52, 53, 54, 55, 56 => 42
<2> 3, 27, 32, 33, 36, 37, 40, 42, 43, 44, 46, 47, 48, 50, 51, 52, 55, 56 => 20
<2> 3, 27, 31, 32, 33, 35, 36, 37, 42, 43, 44, 45, 46, 47, 48, 50, 51, 52, 54, 55, 56 => 26
<2> 3, 26, 32, 33, 36, 37, 42, 43, 44, 45, 46, 47, 48, 50, 51, 52, 53, 54, 55, 56 => 22
<2> 3, 26, 31, 32, 33, 35, 36, 37, 42, 43, 44, 45, 46, 47, 48, 50, 51, 52, 54, 55, 56 => 27
<2> 3, 26, 29, 33, 37, 41, 42, 43, 44, 45, 46, 47, 48, 52, 55, 56 => 22
<2> 3, 26, 27, 31, 32, 33, 35, 36, 37, 39, 40, 42, 43, 44, 45, 46, 47, 48, 52, 56 => 5
<2> 3, 25, 26, 27, 33, 37, 40, 42, 43, 44, 46, 47, 48 => 5
<2> 3, 24, 28, 31, 32, 33, 35, 36, 37, 39, 40, 42, 43, 44, 46, 47, 48, 51, 52, 55, 56 => 16, 18, 50, 54
<2> 3, 24, 26, 31, 32, 33, 35, 36, 37, 42, 43, 44, 45, 46, 47, 48, 51, 52, 55, 56 => 27
<2> 3, 24, 26, 27, 31, 32, 33, 35, 36, 37, 39, 40, 43, 44, 45, 46, 47, 48, 52, 56 => 16
<2> 3, 22, 26, 32, 33, 36, 37, 42, 43, 44, 45, 46, 47, 48, 51, 52, 54, 55, 56 => 50, 53
<2> 3, 22, 26, 29, 33, 37, 42, 43, 44, 45, 46, 47, 48, 52, 55, 56 => 41
<2> 3, 22, 26, 28, 31, 32, 33, 35, 36, 37, 40, 43, 44, 45, 46, 47, 48, 52, 56 => 42
<2> 3, 21, 26, 32, 33, 36, 37, 44, 45, 46, 47, 48, 50, 51, 52, 54, 55, 56 => 29
<2> 3, 21, 26, 28, 32, 33, 36, 37, 39, 40, 43, 44, 46, 47, 48, 52, 55, 56 => 42
<2> 3, 21, 26, 28, 32, 33, 36, 37, 39, 40, 43, 44, 45, 46, 47, 48, 52, 56 => 5, 16, 31, 35
<2> 3, 20, 28, 31, 32, 33, 35, 36, 37, 39, 40, 42, 43, 44, 46, 47, 48, 51, 52, 54, 55, 56 => 45, 50
<2> 3, 20, 27, 32, 33, 36, 37, 42, 43, 44, 45, 46, 47, 48, 51, 52, 55, 56 => 5, 17
<2> 3, 20, 27, 32, 33, 36, 37, 40, 43, 44, 46, 47, 48, 50, 51, 52, 55, 56 => 42
<2> 3, 20, 27, 31, 32, 33, 35, 36, 37, 42, 43, 44, 46, 47, 48, 51, 52, 55, 56 => 5, 17
<2> 3, 19, 27, 31, 32, 33, 35, 36, 37, 40, 43, 44, 46, 47, 48, 51, 52, 55, 56 => 39
<2> 3, 18, 21, 32, 33, 36, 37, 40, 42, 43, 44, 46, 47, 48, 52, 56 => 5
<2> 3, 17, 27, 32, 33, 36, 37, 43, 44, 45, 46, 47, 48, 51, 52, 54, 55, 56 => 50
<2> 3, 17, 26, 31, 32, 33, 35, 36, 37, 39, 40, 42, 43, 44, 45, 46, 47, 48, 52, 56 => 5
<2> 3, 17, 25, 26, 28, 31, 32, 33, 35, 36, 37, 40, 43, 44, 45, 46, 47, 48, 52, 56 => 42
<2> 3, 17, 24, 26, 32, 33, 36, 37, 40, 42, 43, 44, 45, 46, 47, 48, 52, 56 => 5, 31, 35
<2> 3, 17, 23, 26, 28, 32, 33, 36, 37, 40, 44, 45, 46, 47, 48, 52, 56 => 5
<2> 3, 16, 32, 33, 36, 37, 44, 45, 46, 47, 48, 50, 51, 52, 53, 54, 55, 56 => 4, 42, 43
<2> 3, 16, 26, 32, 33, 36, 37, 40, 42, 43, 44, 47, 48, 50, 51, 52, 55, 56 => 25, 28, 31, 35
<2> 3, 16, 24, 26, 28, 31, 32, 33, 35, 36, 37, 39, 40, 44, 45, 46, 47, 48, 52, 56 => 5
<2> 3, 16, 23, 26, 27, 32, 33, 36, 37, 40, 44, 45, 46, 47, 48, 52, 56 => 55
<2> 3, 16, 22, 26, 27, 32, 33, 36, 37, 42, 43, 44, 45, 46, 47, 48, 52, 56 => 40
<2> 3, 16, 21, 26, 32, 33, 36, 37, 41, 42, 43, 44, 45, 46, 47, 48, 52, 55, 56 => 28, 40
<2> 3, 16, 20, 28, 32, 33, 36, 37, 40, 42, 43, 44, 46, 47, 48, 51, 52, 54, 55, 56 => 50
<2> 3, 16, 20, 28, 31, 32, 33, 35, 36, 37, 39, 40, 42, 43, 44, 46, 47, 48, 51, 52, 55, 56 => 5
<2> 3, 16, 18, 28, 31, 32, 33, 35, 36, 37, 39, 40, 44, 46, 47, 48, 50, 51, 52, 54, 55, 56 => 24, 42, 43
<2> 3, 16, 18, 28, 31, 32, 33, 35, 36, 37, 39, 40, 44, 45, 46, 47, 48, 51, 52, 54, 55, 56 => 4
<2> 3, 15, 32, 33, 36, 37, 40, 43, 44, 46, 47, 48, 50, 51, 52, 54, 55, 56 => 4
<2> 3, 15, 29, 32, 33, 36, 37, 44, 45, 46, 47, 48, 50, 51, 52, 54, 55, 56 => 49, 53
<2> 3, 15, 28, 32, 33, 36, 37, 39, 40, 41, 42, 43, 44 => 5
<2> 3, 15, 26, 32, 33, 36, 37, 44, 45, 46, 47, 48, 49, 50, 51, 52, 53, 54, 55, 56 => 5
<2> 3, 15, 26, 27, 31, 32, 33, 35, 36, 37, 42, 43, 44, 45, 46, 47, 48, 52, 56 => 5
<2> 3, 15, 25, 26, 33, 37, 41, 42, 43, 44, 47, 48 => 28, 40
<2> 3, 15, 25, 26, 33, 37, 40, 42, 43, 44, 47, 48 => 28, 41
<2> 3, 15, 25, 26, 27, 33, 37, 42, 43, 44, 46, 47, 48 => 5
<2> 3, 15, 24, 26, 32, 33, 36, 37, 40, 42, 43, 44, 46, 47, 48 => 28
<2> 3, 15, 24, 26, 28, 32, 33, 36, 37, 40, 43, 44, 46, 47, 48 => 42
<2> 3, 15, 24, 26, 27, 33, 37, 40, 43, 44, 46, 47, 48 => 5
<2> 3, 15, 21, 26, 27, 32, 33, 36, 37, 40, 42, 43, 44, 46, 47, 48, 56 => 41
<2> 3, 15, 20, 32, 33, 36, 37, 43, 44, 46, 47, 48, 50, 51, 52, 54, 55, 56 => 4, 31, 35
<2> 3, 15, 20, 27, 32, 33, 36, 37, 40, 44, 46, 47, 48, 51, 52, 55, 56 => 5
<2> 3, 15, 19, 28, 32, 33, 36, 37, 39, 40, 42, 43, 44, 52 => 5
<2> 3, 15, 18, 33, 37, 40, 44, 47, 48, 52, 56 => 21, 42, 43
<2> 3, 14, 26, 27, 33, 37, 40, 42, 43, 44, 46, 47, 48 => 5
<2> 3, 14, 24, 26, 33, 37, 43, 44, 46, 47, 48 => 40, 42
<2> 3, 14, 21, 26, 33, 37, 43, 44, 46, 47, 48 => 42
<2> 3, 5, 32, 33, 36, 37, 44, 45, 46, 47, 48, 50, 51, 52, 53, 54, 55, 56 => 15, 26, 49
<2> 3, 5, 32, 33, 36, 37, 41, 42, 43, 44, 46, 47, 48, 51, 52, 55, 56 => 31, 35
<2> 3, 5, 31, 32, 33, 35, 36, 37, 40, 43, 44, 45, 46, 47, 48, 51, 52, 55, 56 => 42
<2> 3, 5, 29, 33, 37, 44, 45, 46, 47, 48, 52, 55, 56 => 15, 26
<2> 3, 5, 26, 32, 33, 36, 37, 44, 45, 46, 47, 48, 50, 51, 52, 54, 55, 56 => 15, 49, 53
<2> 3, 5, 26, 31, 32, 33, 35, 36, 37, 40, 43, 44, 47, 48, 51, 52, 55, 56 => 42
<2> 3, 5, 25, 26, 33, 37, 43, 44, 47, 48, 52, 55, 56 => 31, 32, 35, 36, 40, 42
<2> 3, 5, 25, 26, 33, 37, 41, 42, 43, 44, 47, 48 => 28, 40
<2> 3, 5, 24, 31, 32, 33, 35, 36, 37, 40, 41, 42, 43, 44, 46, 47, 48, 52, 56 => 16, 28, 39
<2> 3, 5, 23, 26, 31, 32, 33, 35, 36, 37, 40, 43, 44, 45, 46, 47, 48, 52, 55, 56 => 16
<2> 3, 5, 22, 26, 33, 37, 42, 43, 44, 45, 46, 47, 48, 52, 55, 56 => 15
<2> 3, 5, 22, 26, 31, 32, 33, 35, 36, 37, 40, 42, 43, 44, 45, 46, 47, 48, 52, 56 => 16
<2> 3, 5, 22, 26, 28, 32, 33, 36, 37, 39, 40, 43, 44, 46, 47, 48 => 42
<2> 3, 5, 21, 26, 32, 33, 36, 37, 40, 41, 42, 43, 44, 45, 46, 47, 48, 56 => 28
<2> 3, 5, 21, 26, 27, 32, 33, 36, 37, 42, 43, 44, 45, 46, 47, 48, 52, 55, 56 => 17
<2> 3, 5, 20, 32, 33, 36, 37, 42, 43, 44, 46, 47, 48, 50, 51, 52, 54, 55, 56 => 45
<2> 3, 5, 20, 27, 32, 33, 36, 37, 40, 44, 46, 47, 48, 51, 52, 55, 56 => 15
<2> 3, 5, 19, 31, 32, 33, 35, 36, 37, 44, 46, 47, 48, 51, 52, 55, 56 => 16, 39, 40
<2> 3, 5, 19, 31, 32, 33, 35, 36, 37, 42, 43, 44, 46, 47, 48, 52, 55, 56 => 17, 41
<2> 3, 5, 16, 28, 31, 32, 33, 35, 36, 37, 40, 44, 45, 46, 47, 48, 51, 52, 55, 56 => 39, 50, 54
<2> 3, 5, 16, 26, 28, 31, 32, 33, 35, 36, 37, 40, 42, 43, 44, 45, 46, 47, 48, 52, 55, 56 => 41
<2> 3, 5, 16, 26, 27, 31, 32, 33, 35, 36, 37, 44, 45, 46, 47, 48, 51, 52, 55, 56 => 22
<2> 3, 5, 16, 24, 28, 31, 32, 33, 35, 36, 37, 39, 40, 42, 43, 44, 46, 47, 48, 52, 56 => 41
<2> 3, 5, 16, 21, 26, 28, 31, 32, 33, 35, 36, 37, 40, 43, 44, 45, 46, 47, 48, 52, 56 => 39
<2> 3, 5, 15, 32, 33, 36, 37, 44, 46, 47, 48, 50, 51, 52, 54, 55, 56 => 26, 45, 49, 53
<2> 3, 5, 15, 31, 32, 33, 35, 36, 37, 44, 46, 47, 48, 52, 56 => 26, 27, 42, 43, 45
<2> 3, 5, 15, 28, 32, 33, 36, 37, 40, 43, 44, 48, 52, 56 => 20
<2> 3, 5, 15, 27, 32, 33, 36, 37, 42, 43, 44, 46, 47, 48, 51, 52, 55, 56 => 50
<2> 3, 5, 15, 27, 32, 33, 36, 37, 40, 44, 46, 47, 48, 51, 52, 55, 56 => 20
<2> 3, 5, 15, 26, 33, 37, 42, 43, 44, 45, 46, 47, 48, 52, 55, 56 => 22
<2> 3, 5, 15, 26, 32, 33, 36, 37, 44, 45, 46, 47, 48, 51, 52, 55, 56 => 49, 50, 53, 54
<2> 3, 5, 15, 26, 27, 32, 33, 36, 37, 42, 43, 44, 45, 46, 47, 48, 52, 56 => 31, 35
<2> 3, 5, 15, 25, 26, 33, 37, 42, 43, 44, 46, 47, 48 => 27
<2> 3, 5, 15, 25, 26, 33, 37, 40, 43, 44, 47, 48 => 28
<2> 3, 5, 15, 21, 26, 32, 33, 36, 37, 40, 42, 43, 44, 46, 47, 48 => 41
<2> 3, 5, 14, 28, 33, 37, 40, 42, 43, 44, 47, 48 => 32, 36, 39
<2> 3, 4, 32, 33, 36, 37, 42, 43, 44, 45, 46, 47, 48, 50, 51, 52, 53, 54, 55, 56 => 16
<2> 3, 4, 27, 32, 33, 36, 37, 40, 43, 44, 45, 46, 47, 48, 50, 51, 52, 54, 55, 56 => 19
<2> 3, 4, 27, 31, 32, 33, 35, 36, 37, 40, 43, 44, 45, 46, 47, 48, 51, 52, 54, 55, 56 => 39
<2> 3, 4, 26, 32, 33, 36, 37, 44, 45, 46, 47, 48, 50, 51, 52, 53, 54, 55, 56 => 29, 43
<2> 3, 4, 26, 32, 33, 36, 37, 41, 42, 43, 44, 46, 47, 48, 50, 51, 52, 54, 55, 56 => 16
<2> 3, 4, 26, 31, 32, 33, 35, 36, 37, 42, 43, 44, 46, 47, 48, 50, 51, 52, 54, 55, 56 => 16
<2> 3, 4, 26, 27, 32, 33, 36, 37, 42, 43, 44, 45, 46, 47, 48, 50, 51, 52, 54, 55, 56 => 24
<2> 3, 4, 26, 27, 32, 33, 36, 37, 40, 44, 45, 46, 47, 48, 51, 52, 54, 55, 56 => 16
<2> 3, 4, 26, 27, 31, 32, 33, 35, 36, 37, 43, 44, 45, 46, 47, 48, 51, 52, 54, 55, 56 => 16, 24
<2> 3, 4, 25, 26, 33, 36, 37, 42, 43, 44, 46, 47, 48, 50, 51, 52, 54, 55, 56 => 41
<2> 3, 4, 24, 26, 28, 31, 32, 33, 35, 36, 37, 39, 40, 43, 44, 45, 46, 47, 48, 51, 52, 55, 56 => 17
<2> 3, 4, 22, 26, 32, 33, 36, 37, 43, 44, 45, 46, 47, 48, 50, 51, 52, 54, 55, 56 => 29
<2> 3, 4, 21, 26, 28, 31, 32, 33, 35, 36, 37, 40, 42, 43, 44, 45, 46, 47, 48, 51, 52, 54, 55, 56 => 17
<2> 3, 4, 19, 31, 32, 33, 35, 36, 37, 39, 40, 43, 44, 45, 46, 47, 48, 50, 51, 52, 54, 55, 56 => 17
<2> 3, 4, 19, 28, 31, 32, 33, 36, 37, 40, 42, 43, 44, 46, 47, 48, 50, 51, 52, 55, 56 => 16
<2> 3, 4, 17, 26, 32, 33, 36, 37, 43, 44, 45, 46, 47, 48, 50, 51, 52, 54, 55, 56 => 29
<2> 3, 4, 17, 26, 28, 31, 32, 33, 35, 36, 37, 40, 42, 43, 44, 45, 46, 47, 48, 51, 52, 54, 55, 56 => 21
<2> 3, 4, 16, 31, 32, 33, 35, 36, 37, 42, 43, 44, 45, 46, 47, 48, 50, 51, 52, 54, 55, 56 => 24
<2> 3, 4, 16, 27, 32, 33, 36, 37, 43, 44, 46, 47, 48, 50, 51, 52, 55, 56 => 42
<2> 3, 4, 16, 26, 27, 31, 32, 33, 35, 36, 37, 43, 44, 45, 46, 47, 48, 51, 52, 55, 56 => 24, 54
<2> 3, 4, 16, 24, 26, 31, 32, 33, 35, 36, 37, 43, 44, 45, 46, 47, 48, 51, 52, 54, 55, 56 => 27
<2> 3, 4, 15, 31, 32, 33, 35, 36, 37, 43, 44, 46, 47, 48, 50, 51, 52, 54, 55, 56 => 20
<2> 3, 4, 15, 31, 32, 33, 35, 36, 37, 42, 43, 44, 46, 47, 48, 51, 52, 55, 56 => 28, 40
<2> 3, 4, 15, 28, 32, 33, 36, 37, 40, 43, 44, 47, 48, 50, 51, 52, 55, 56 => 20, 42
<2> 3, 4, 15, 28, 31, 32, 33, 35, 36, 37, 40, 43, 44, 46, 47, 48, 51, 52, 55, 56 => 42
<2> 3, 4, 15, 26, 31, 32, 33, 35, 36, 37, 43, 44, 45, 46, 47, 48, 51, 52, 55, 56 => 40
<2> 3, 4, 15, 26, 27, 33, 37, 42, 43, 44, 45, 46, 47, 48, 50, 51, 52, 54, 55, 56 => 24
<2> 3, 4, 15, 24, 26, 32, 33, 36, 37, 40, 45, 46, 47, 48, 51, 52, 55, 56 => 28
<2> 3, 4, 15, 21, 26, 32, 33, 36, 37, 40, 42, 43, 44, 45, 46, 47, 48, 51, 52, 55, 56 => 41
<2> 3, 4, 15, 19, 32, 33, 36, 37, 44, 46, 47, 48, 51, 52, 55, 56 => 45, 50, 54
<2> 3, 4, 15, 19, 28, 32, 33, 36, 37, 40, 42, 43, 44, 48, 51, 52, 56 => 41
<2> 3, 4, 14, 28, 33, 37, 40, 42, 43, 44, 47, 48, 52, 55, 56 => 26, 46
<2> 2, 37, 38, 39, 40, 44 => 5, 11, 26, 28, 33, 46, 47, 48
<2> 2, 28, 33, 37, 39, 40, 41, 42, 43, 44, 48, 52 => 20
<2> 2, 26, 28, 36, 37, 40, 43, 44, 47, 48 => 5
<2> 2, 26, 28, 33, 37, 39, 40, 41, 42, 43, 44, 46, 47, 48 => 5
<2> 2, 25, 26, 37, 39, 40, 41, 42, 43, 44, 47, 48 => 12
<2> 2, 25, 26, 36, 37, 43, 44, 47, 48 => 40
<2> 2, 25, 26, 33, 37, 40, 41, 42, 43, 44, 47, 48 => 28
<2> 2, 24, 26, 28, 33, 37, 39, 40, 43, 44, 46, 47, 48 => 4, 52, 56
<2> 2, 23, 26, 27, 40, 42, 43, 44, 46, 47, 48 => 13
<2> 2, 23, 26, 27, 37, 42, 43, 44, 46, 47, 48 => 4, 45, 51, 52, 55, 56
<2> 2, 21, 26, 28, 37, 39, 40, 42, 43, 44, 46, 47, 48, 56 => 13
<2> 2, 20, 28, 39, 40, 43, 44, 46, 47, 48, 51, 52, 55, 56 => 12, 42
<2> 2, 20, 27, 37, 40, 43, 44, 48, 51, 52, 56 => 55
<2> 2, 19, 43, 44, 46, 47, 48, 51, 52, 55, 56 => 12, 42
<2> 2, 18, 40, 42, 43, 44, 52 => 12
<2> 2, 18, 28, 42, 43, 44, 48, 52 => 5
<2> 2, 18, 21, 37, 42, 43, 44, 47, 48, 51, 52, 56 => 14
<2> 2, 14, 28, 33, 36, 37, 40, 42, 43, 44, 47, 48 => 46
<2> 2, 13, 25, 26, 33, 37, 40, 42, 43, 44, 46, 47, 48 => 4, 51, 52, 55, 56
<2> 2, 13, 25, 26, 28, 39, 40, 43, 44, 47, 48 => 37
<2> 2, 13, 24, 26, 33, 37, 40, 43, 44, 46, 47, 48 => 42
<2> 2, 13, 24, 26, 28, 39, 40, 43, 44, 46, 47, 48 => 37, 42
<2> 2, 13, 21, 26, 27, 40, 42, 43, 44, 46, 47, 48 => 5
<2> 2, 13, 20, 40, 42, 43, 44, 47, 48, 51, 52, 55, 56 => 46
<2> 2, 13, 20, 37, 40, 42, 43, 44, 48, 52, 56 => 5, 33
<2> 2, 13, 20, 28, 39, 40, 43, 44, 48, 52, 56 => 37
<2> 2, 13, 20, 27, 33, 37, 43, 44, 47, 48, 51, 52, 55, 56 => 46
<2> 2, 13, 19, 28, 37, 40, 43, 44, 52 => 33, 42
<2> 2, 12, 33, 37, 43, 44, 48, 51, 52, 56 => 19, 42
<2> 2, 12, 27, 33, 37, 43, 44, 48, 52 => 5, 42
<2> 2, 12, 26, 37, 40, 41, 42, 43, 44, 47, 48 => 25, 39
<2> 2, 12, 26, 33, 37, 42, 43, 44, 46, 47, 48, 52, 56 => 25
<2> 2, 12, 25, 26, 37, 39, 40, 42, 43, 44, 47, 48 => 41
<2> 2, 12, 23, 26, 28, 39, 40, 42, 43, 44, 46, 47, 48 => 52, 56
<2> 2, 12, 22, 26, 37, 40, 42, 43, 44, 46, 47, 48 => 5
<2> 2, 12, 21, 37, 40, 42, 43, 44, 56 => 27
<2> 2, 12, 21, 26, 37, 40, 42, 43, 44, 46, 47, 48 => 5
<2> 2, 12, 20, 37, 40, 42, 43, 44, 48, 52 => 5
<2> 2, 12, 18, 42, 43, 44, 52 => 40
<2> 2, 11, 28, 40, 41, 42, 43, 44, 47, 48, 52, 56 => 39
<2> 2, 11, 26, 28, 37, 39, 40, 42, 43, 44, 46, 47, 48, 56 => 24
<2> 2, 11, 25, 26, 40, 43, 44, 46, 47, 48, 52, 56 => 28, 39
<2> 2, 11, 24, 26, 37, 40, 43, 44, 46, 47, 48, 56 => 28, 39, 42
<2> 2, 11, 23, 26, 28, 40, 43, 44, 46, 47, 48, 52, 56 => 4, 55
<2> 2, 11, 22, 26, 40, 43, 44, 46, 47, 48 => 4, 42, 51, 52, 55, 56
<2> 2, 11, 22, 26, 37, 40, 44, 46, 47, 48 => 33
<2> 2, 11, 21, 26, 37, 40, 43, 44, 46, 47, 48 => 56
<2> 2, 11, 20, 37, 40, 42, 43, 44, 48, 52 => 28, 39, 56
<2> 2, 5, 40, 42, 43, 44, 46, 47, 48, 51, 52, 55, 56 => 20
<2> 2, 5, 37, 40, 43, 44, 48, 51, 52, 56 => 13, 27, 33, 42
<2> 2, 5, 36, 37, 44, 47, 48 => 26, 28, 40, 43
<2> 2, 5, 33, 37, 44, 45, 46, 47, 48, 56 => 14, 26, 27
<2> 2, 5, 28, 40, 41, 42, 43, 44, 48, 56 => 26, 39, 46, 47
<2> 2, 5, 28, 40, 41, 42, 43, 44, 48, 52 => 39
<2> 2, 5, 28, 37, 39, 40, 42, 43, 44, 48, 52, 56 => 20
<2> 2, 5, 28, 33, 37, 40, 42, 43, 44, 48, 52 => 20, 39
<2> 2, 5, 27, 33, 37, 43, 44, 47, 48, 51, 52, 56 => 13, 20
<2> 2, 5, 26, 40, 41, 42, 43, 44, 46, 47, 48, 56 => 28, 39
<2> 2, 5, 26, 27, 37, 40, 41, 42, 43, 44, 47, 48 => 25
<2> 2, 5, 26, 27, 33, 37, 40, 42, 43, 44, 46, 47, 48, 56 => 21
<2> 2, 5, 25, 26, 33, 37, 40, 42, 43, 44, 47, 48 => 14, 28
<2> 2, 5, 25, 26, 27, 37, 40, 42, 43, 44, 47, 48 => 41
<2> 2, 5, 24, 26, 43, 44, 47, 48, 52, 56 => 28, 39, 40, 42
<2> 2, 5, 24, 26, 28, 39, 40, 42, 43, 44, 46, 47, 48, 56 => 11
<2> 2, 5, 23, 40, 43, 44, 48, 52 => 12, 28, 39, 42
<2> 2, 5, 22, 26, 28, 39, 40, 42, 43, 44, 46, 47, 48, 56 => 12
<2> 2, 5, 22, 26, 28, 33, 37, 40, 43, 44, 46, 47, 48 => 41, 42
<2> 2, 5, 21, 26, 28, 37, 40, 42, 43, 44, 46, 47, 48, 56 => 13
<2> 2, 5, 19, 42, 43, 44, 47, 48, 51, 52, 55, 56 => 12
<2> 2, 5, 19, 40, 42, 43, 44, 47, 48, 52, 56 => 28
<2> 2, 5, 19, 33, 37, 40, 42, 43, 44, 52 => 13
<2> 2, 5, 19, 28, 37, 40, 42, 43, 44, 48, 52 => 11
<2> 2, 5, 18, 42, 43, 44, 48, 52 => 28
<2> 2, 5, 14, 40, 43, 44, 48, 52 => 41, 42
<2> 2, 5, 14, 40, 42, 43, 44, 48, 56 => 27
<2> 2, 5, 14, 27, 42, 43, 44, 48, 51, 52, 56 => 41
<2> 2, 5, 14, 20, 33, 37, 42, 43, 44, 48, 52 => 41
<2> 2, 5, 14, 19, 43, 44, 48, 52, 56 => 27
<2> 2, 5, 13, 28, 37, 40, 43, 44, 52 => 33, 42
<2> 2, 5, 13, 19, 33, 37, 40, 43, 44, 48, 52, 56 => 27
<2> 2, 5, 12, 39, 40, 41, 42, 43, 44, 48 => 26, 47
<2> 2, 5, 12, 37, 40, 41, 42, 43, 44, 48 => 27
<2> 2, 5, 12, 33, 37, 42, 43, 44, 48, 52, 56 => 46, 47
<2> 2, 5, 12, 28, 40, 42, 43, 44, 47, 48, 51, 52, 55, 56 => 39
<2> 2, 5, 12, 26, 40, 41, 42, 43, 44, 47, 48 => 39
<2> 2, 5, 12, 25, 26, 37, 42, 43, 44, 47, 48 => 27
<2> 2, 5, 12, 22, 26, 28, 40, 42, 43, 44, 46, 47, 48, 56 => 39
<2> 2, 5, 11, 26, 28, 33, 37, 39, 40, 44, 46, 47, 48 => 38
<2> 2, 4, 40, 42, 43, 44, 46, 47, 48, 51, 52, 54, 55, 56 => 12, 28, 39
<2> 2, 4, 33, 37, 40, 43, 44, 47, 48, 50, 51, 52, 55, 56 => 19, 42
<2> 2, 4, 28, 37, 40, 42, 43, 44, 48, 50, 51, 52, 55, 56 => 14
<2> 2, 4, 27, 37, 40, 43, 44, 47, 48, 50, 51, 52, 55, 56 => 13, 19
<2> 2, 4, 27, 37, 40, 41, 42, 43, 44, 51, 52, 56 => 21
<2> 2, 4, 26, 40, 41, 42, 43, 44, 45, 46, 47, 48, 51, 52, 55, 56 => 12, 28
<2> 2, 4, 26, 33, 37, 41, 42, 43, 44, 45, 46, 47, 48, 51, 52, 55, 56 => 14, 23
<2> 2, 4, 26, 28, 37, 40, 42, 43, 44, 45, 46, 47, 48, 51, 52, 55, 56 => 23
<2> 2, 4, 26, 27, 37, 40, 42, 43, 44, 45, 46, 47, 48, 51, 52, 55, 56 => 13
<2> 2, 4, 26, 27, 33, 37, 40, 43, 44, 45, 46, 47, 48, 51, 52, 55, 56 => 24
<2> 2, 4, 25, 26, 40, 42, 43, 44, 45, 46, 47, 48, 51, 52, 55, 56 => 12, 28, 39
<2> 2, 4, 24, 26, 33, 37, 40, 43, 44, 45, 46, 47, 48, 51, 52, 55, 56 => 27
<2> 2, 4, 24, 26, 28, 39, 40, 43, 44, 46, 47, 48, 51, 52, 55, 56 => 42
<2> 2, 4, 24, 26, 27, 37, 40, 42, 43, 44, 46, 47, 48, 51, 52, 55, 56 => 13
<2> 2, 4, 23, 26, 40, 41, 42, 43, 44, 46, 47, 48, 52, 55, 56 => 28
<2> 2, 4, 22, 26, 43, 44, 45, 46, 47, 48, 51, 52, 55, 56 => 42
<2> 2, 4, 20, 37, 43, 44, 47, 48, 50, 51, 52, 55, 56 => 13, 46
<2> 2, 4, 20, 27, 37, 43, 44, 48, 51, 52, 55, 56 => 50
<2> 2, 4, 19, 44, 46, 47, 48, 51, 52, 55, 56 => 50, 54
<2> 2, 4, 19, 28, 37, 40, 41, 42, 43, 44, 48, 51, 52, 56 => 55
<2> 2, 4, 18, 21, 37, 42, 43, 44, 51, 52, 56 => 27
<2> 2, 4, 14, 37, 40, 42, 43, 44, 48, 50, 51, 52, 55, 56 => 28
<2> 2, 4, 14, 26, 33, 36, 37, 44, 45, 46, 47, 48, 51, 52, 55, 56 => 22
<2> 2, 4, 14, 22, 26, 33, 37, 44, 45, 46, 47, 48, 51, 52, 55, 56 => 36
<2> 2, 4, 13, 33, 37, 44, 45, 46, 47, 48, 51, 52, 55, 56 => 27
<2> 2, 4, 13, 28, 40, 43, 44, 47, 48, 50, 51, 52, 55, 56 => 20, 46
<2> 2, 4, 13, 23, 26, 28, 37, 40, 42, 43, 44, 46, 47, 48, 51, 52, 55, 56 => 39
<2> 2, 4, 12, 28, 37, 40, 41, 42, 43, 44, 48, 51, 52, 56 => 39
<2> 2, 4, 12, 28, 37, 39, 40, 42, 43, 44, 48, 51, 52, 56 => 41
<2> 2, 4, 12, 26, 28, 40, 41, 42, 43, 44, 46, 47, 48, 51, 52, 55, 56 => 45
<2> 2, 4, 12, 25, 26, 28, 39, 40, 42, 43, 44, 46, 47, 48, 51, 52, 55, 56 => 45
<2> 2, 4, 12, 24, 26, 28, 40, 43, 44, 46, 47, 48, 51, 52, 55, 56 => 42
<2> 2, 4, 11, 26, 33, 37, 40, 42, 43, 44, 46, 47, 48, 51, 52, 55, 56 => 27
<2> 1, 29, 32, 33, 36, 37, 44, 45, 46, 47, 48, 49, 50, 51, 52, 53, 54, 55, 56 => 9
<2> 1, 26, 28, 32, 33, 36, 37, 39, 40, 41, 42, 43, 44, 45, 46, 47, 48, 52, 56 => 9
<2> 1, 25, 26, 31, 32, 33, 35, 36, 37, 39, 40, 43, 44, 46, 47, 48, 52, 56 => 8
<2> 1, 25, 26, 28, 32, 33, 36, 37, 38, 39, 40, 43, 44, 47, 48 => 5
<2> 1, 25, 26, 27, 33, 37, 42, 43, 44, 46, 47, 48, 52, 56 => 32, 36
<2> 1, 25, 26, 27, 33, 37, 40, 42, 43, 44, 48 => 5, 8
<2> 1, 24, 26, 28, 37, 38, 39, 40, 44, 46, 47, 48, 52, 56 => 43
<2> 1, 24, 26, 28, 32, 33, 36, 37, 40, 41, 42, 43, 44, 46, 47, 48, 56 => 9
<2> 1, 23, 26, 32, 33, 36, 37, 40, 42, 43, 44, 45, 46, 47, 48, 51, 52, 55, 56 => 27
<2> 1, 23, 26, 28, 33, 37, 40, 42, 43, 44, 45, 46, 47, 48, 52, 56 => 36
<2> 1, 22, 26, 32, 33, 36, 37, 40, 42, 43, 44, 45, 46, 47, 48, 52, 56 => 55
<2> 1, 22, 26, 31, 32, 33, 35, 36, 37, 40, 43, 44, 45, 46, 47, 48, 52, 55, 56 => 8, 28, 38, 39
<2> 1, 22, 26, 28, 40, 42, 43, 44, 45, 46, 47, 48, 52, 56 => 55
<2> 1, 21, 26, 27, 32, 33, 36, 37, 40, 43, 44, 45, 46, 47, 48, 51, 52, 55, 56 => 54
<2> 1, 20, 32, 33, 36, 37, 44, 45, 46, 47, 48, 50, 51, 52, 54, 55, 56 => 49, 53
<2> 1, 20, 31, 32, 33, 35, 36, 37, 43, 44, 47, 48, 51, 52, 55, 56 => 4, 39, 40, 42, 50, 54
<2> 1, 19, 32, 33, 36, 37, 44, 46, 47, 48, 49, 50, 51, 52, 54, 55, 56 => 4, 9
<2> 1, 18, 28, 37, 40, 42, 43, 44, 48, 52, 56 => 10, 21, 51
<2> 1, 18, 28, 33, 37, 40, 43, 44, 47, 48, 52, 56 => 9, 46
<2> 1, 18, 21, 28, 37, 40, 43, 44, 48, 51, 52, 56 => 10, 42
<2> 1, 11, 28, 40, 41, 42, 43, 44, 47, 48 => 5, 23, 26, 46
<2> 1, 11, 26, 40, 41, 42, 43, 44, 46, 47, 48 => 5, 23, 28
<2> 1, 11, 26, 28, 37, 38, 39, 40, 44, 46, 47, 48 => 4, 43, 52, 56
<2> 1, 11, 24, 26, 37, 40, 42, 43, 44, 46, 47, 48 => 33
<2> 1, 11, 24, 26, 28, 33, 37, 39, 40, 43, 44, 46, 47, 48 => 5
<2> 1, 11, 21, 26, 33, 37, 40, 43, 44, 45, 46, 47, 48, 52, 55, 56 => 42
<2> 1, 11, 20, 28, 37, 39, 40, 42, 43, 44, 48, 52 => 5
<2> 1, 10, 26, 27, 33, 37, 44, 46, 47, 48, 50, 51, 52, 54, 55, 56 => 45
<2> 1, 10, 26, 27, 33, 36, 37, 40, 43, 44, 46, 47, 48, 52, 56 => 21
<2> 1, 10, 25, 26, 28, 33, 37, 39, 40, 43, 44, 47, 48 => 5
<2> 1, 10, 24, 26, 27, 33, 37, 44, 46, 47, 48, 56 => 42, 43
<2> 1, 10, 23, 26, 28, 33, 37, 40, 42, 43, 44, 46, 47, 48, 52, 56 => 4, 55
<2> 1, 10, 22, 26, 28, 40, 42, 43, 44, 46, 47, 48, 52, 56 => 4, 41, 51, 55
<2> 1, 10, 21, 37, 43, 44, 47, 48, 50, 51, 52, 55, 56 => 42
<2> 1, 10, 21, 26, 27, 33, 37, 43, 44, 45, 46, 47, 48, 51, 52, 55, 56 => 5
<2> 1, 10, 20, 28, 33, 37, 39, 40, 43, 44, 52 => 5, 48
<2> 1, 10, 19, 27, 33, 37, 43, 44, 48, 52, 56 => 42
<2> 1, 10, 18, 28, 37, 40, 43, 44, 48, 52, 56 => 21, 42, 51
<2> 1, 9, 31, 32, 33, 35, 36, 37, 39, 40, 43, 44, 47, 48, 51, 52, 55, 56 => 42
<2> 1, 9, 31, 32, 33, 35, 36, 37, 39, 40, 43, 44, 46, 47, 48, 52, 55, 56 => 5
<2> 1, 9, 29, 32, 33, 36, 37, 44, 45, 46, 47, 48, 50, 51, 52, 53, 54, 55, 56 => 49
<2> 1, 9, 25, 26, 32, 33, 36, 37, 40, 42, 43, 44, 46, 47, 48 => 5, 28
<2> 1, 9, 22, 26, 33, 37, 40, 42, 43, 44, 46, 47, 48, 56 => 32, 36, 52
<2> 1, 9, 21, 26, 32, 33, 36, 37, 40, 43, 44, 45, 46, 47, 48, 51, 52, 55, 56 => 54
<2> 1, 9, 21, 26, 32, 33, 36, 37, 40, 42, 43, 44, 45, 46, 47, 48, 52, 56 => 39
<2> 1, 9, 21, 26, 27, 33, 37, 40, 44, 46, 47, 48, 51, 52, 55, 56 => 54
<2> 1, 9, 21, 26, 27, 32, 33, 36, 37, 40, 43, 44, 45, 46, 47, 48, 52, 56 => 5
<2> 1, 9, 19, 32, 33, 36, 37, 39, 40, 42, 43, 44, 52 => 5
<2> 1, 8, 26, 28, 31, 32, 33, 35, 36, 37, 39, 40, 42, 43, 44, 45, 46, 47, 48, 52, 55, 56 => 38
<2> 1, 8, 25, 26, 32, 33, 36, 37, 40, 43, 44, 46, 47, 48, 52, 56 => 31, 35, 39
<2> 1, 8, 25, 26, 27, 33, 37, 40, 43, 44, 48 => 5, 42
<2> 1, 8, 24, 26, 32, 33, 36, 37, 43, 44, 45, 46, 47, 48, 52, 55, 56 => 4, 31, 35, 50, 51, 54
<2> 1, 8, 24, 26, 28, 33, 36, 37, 44, 46, 47, 48, 52, 56 => 5
<2> 1, 8, 21, 26, 32, 33, 36, 37, 40, 43, 44, 46, 47, 48, 52, 56 => 4, 45, 50, 51, 54, 55
<2> 1, 8, 20, 32, 33, 36, 37, 43, 44, 48, 51, 52, 56 => 27, 47, 55
<2> 1, 8, 19, 27, 32, 33, 36, 37, 43, 44, 48, 51, 52, 56 => 5
<2> 1, 5, 28, 33, 37, 39, 40, 43, 44, 48, 51, 52, 56 => 20
<2> 1, 5, 27, 33, 37, 43, 44, 46, 47, 48, 50, 51, 52, 54, 55, 56 => 42
<2> 1, 5, 27, 33, 37, 42, 43, 44, 46, 47, 48, 51, 52, 54, 55, 56 => 50
<2> 1, 5, 26, 28, 32, 33, 36, 37, 39, 40, 43, 44, 45, 46, 47, 48, 52, 55, 56 => 31, 35
<2> 1, 5, 26, 27, 33, 37, 43, 44, 45, 46, 47, 48, 51, 52, 54, 55, 56 => 21
<2> 1, 5, 26, 27, 33, 37, 40, 42, 43, 44, 45, 46, 47, 48, 51, 52, 55, 56 => 23
<2> 1, 5, 25, 26, 32, 33, 36, 37, 39, 40, 43, 44, 46, 47, 48, 52, 56 => 42
<2> 1, 5, 25, 26, 28, 33, 37, 40, 43, 44, 46, 47, 48, 52, 56 => 42
<2> 1, 5, 25, 26, 28, 32, 33, 36, 37, 40, 42, 43, 44, 46, 47, 48 => 9
<2> 1, 5, 24, 26, 33, 36, 37, 41, 42, 43, 44, 46, 47, 48, 56 => 28
<2> 1, 5, 24, 26, 28, 33, 36, 37, 42, 43, 44, 46, 47, 48, 56 => 41
<2> 1, 5, 24, 26, 27, 33, 37, 42, 43, 44, 46, 47, 48, 56 => 40
<2> 1, 5, 21, 37, 42, 43, 44, 48, 51, 52, 56 => 10
<2> 1, 5, 20, 33, 37, 40, 42, 43, 44, 48, 51, 52, 56 => 9, 32, 36
<2> 1, 5, 20, 28, 37, 39, 40, 42, 43, 44, 48, 52 => 11
<2> 1, 5, 20, 27, 33, 37, 43, 44, 48, 51, 52, 56 => 32, 36
<2> 1, 5, 19, 32, 33, 36, 37, 40, 42, 43, 44, 52 => 9, 39
<2> 1, 5, 19, 28, 37, 40, 42, 43, 44, 48, 52 => 39
<2> 1, 5, 18, 28, 37, 40, 43, 44, 48, 52, 56 => 21
<2> 1, 5, 11, 28, 33, 37, 40, 42, 43, 44, 48, 52 => 20
<2> 1, 5, 11, 26, 27, 37, 40, 42, 43, 44, 46, 47, 48, 56 => 21
<2> 1, 5, 11, 21, 26, 37, 40, 43, 44, 46, 47, 48, 56 => 27, 42
<2> 1, 5, 11, 19, 28, 37, 40, 42, 43, 44, 52 => 39
<2> 1, 5, 10, 33, 37, 42, 43, 44, 48, 51, 52, 56 => 26, 27, 45, 46, 47, 55
<2> 1, 5, 10, 28, 33, 37, 39, 40, 42, 43, 44, 52 => 19
<2> 1, 5, 10, 26, 33, 37, 40, 43, 44, 45, 46, 47, 48, 52, 56 => 27, 42
<2> 1, 5, 10, 26, 33, 37, 40, 41, 42, 43, 44, 46, 47, 48, 52, 56 => 27
<2> 1, 5, 10, 26, 28, 33, 37, 40, 42, 43, 44, 47, 48, 52, 56 => 25
<2> 1, 5, 10, 26, 28, 32, 33, 36, 37, 40, 44, 46, 47, 48 => 39
<2> 1, 5, 10, 24, 26, 33, 37, 40, 43, 44, 46, 47, 48, 56 => 42
<2> 1, 5, 10, 20, 33, 37, 40, 43, 44, 51, 52, 56 => 28
<2> 1, 5, 10, 20, 28, 33, 37, 40, 43, 44, 48, 52 => 39
<2> 1, 5, 9, 32, 33, 36, 37, 44, 46, 47, 48, 51, 52, 54, 55, 56 => 45
<2> 1, 5, 9, 28, 32, 33, 36, 37, 40, 43, 44, 48, 51, 52, 56 => 20
<2> 1, 5, 9, 28, 32, 33, 36, 37, 39, 40, 43, 44, 51, 52, 56 => 38
<2> 1, 5, 9, 27, 32, 33, 36, 37, 40, 42, 43, 44, 46, 47, 48, 51, 52, 55, 56 => 39
<2> 1, 5, 9, 26, 32, 33, 36, 37, 39, 40, 43, 44, 45, 46, 47, 48, 52, 55, 56 => 23
<2> 1, 5, 9, 25, 26, 28, 32, 33, 36, 37, 40, 43, 44, 46, 47, 48 => 42
<2> 1, 5, 8, 32, 33, 36, 37, 43, 44, 46, 47, 48, 52, 55, 56 => 42
<2> 1, 5, 8, 26, 31, 32, 33, 35, 36, 37, 39, 40, 43, 44, 46, 47, 48, 52, 56 => 42
<2> 1, 4, 33, 37, 41, 42, 43, 44, 47, 48, 50, 51, 52, 55, 56 => 32, 36, 40, 46, 54
<2> 1, 4, 32, 33, 36, 37, 41, 42, 43, 44, 46, 47, 48, 51, 52, 54, 55, 56 => 40, 50
<2> 1, 4, 27, 33, 37, 40, 41, 42, 43, 44, 47, 48, 51, 52, 55, 56 => 20
<2> 1, 4, 27, 32, 33, 36, 37, 41, 42, 43, 44, 46, 47, 48, 51, 52, 55, 56 => 10
<2> 1, 4, 25, 26, 32, 33, 36, 37, 42, 43, 44, 46, 47, 48, 51, 52, 55, 56 => 10
<2> 1, 4, 25, 26, 31, 32, 33, 35, 36, 37, 43, 44, 45, 46, 47, 48, 50, 51, 52, 53, 54, 55, 56 => 9, 27
<2> 1, 4, 24, 26, 31, 32, 33, 35, 36, 37, 43, 44, 45, 46, 47, 48, 50, 51, 52, 54, 55, 56 => 8
<2> 1, 4, 24, 26, 28, 32, 33, 36, 37, 40, 43, 44, 45, 46, 47, 48, 50, 51, 52, 54, 55, 56 => 9, 42
<2> 1, 4, 24, 26, 27, 40, 42, 43, 44, 45, 46, 47, 48, 51, 52, 55, 56 => 11
<2> 1, 4, 23, 26, 31, 32, 33, 35, 36, 37, 43, 44, 45, 46, 47, 48, 50, 51, 52, 54, 55, 56 => 8, 27
<2> 1, 4, 22, 26, 33, 37, 40, 42, 43, 44, 45, 46, 47, 48, 51, 52, 55, 56 => 27
<2> 1, 4, 22, 26, 28, 40, 41, 42, 43, 44, 46, 47, 48, 51, 52, 55, 56 => 10
<2> 1, 4, 21, 26, 27, 33, 37, 42, 43, 44, 46, 47, 48, 51, 52, 55, 56 => 40
<2> 1, 4, 20, 32, 33, 36, 37, 40, 41, 42, 43, 44, 47, 48, 51, 52, 55, 56 => 10
<2> 1, 4, 20, 28, 32, 33, 36, 37, 40, 43, 44, 47, 48, 50, 51, 52, 55, 56 => 9, 39
<2> 1, 4, 18, 28, 37, 40, 43, 44, 47, 48, 51, 52, 55, 56 => 50
<2> 1, 4, 11, 25, 26, 28, 40, 43, 44, 46, 47, 48, 51, 52, 55, 56 => 42
<2> 1, 4, 10, 26, 28, 40, 41, 42, 43, 44, 46, 47, 48, 51, 52, 55, 56 => 22
<2> 1, 4, 10, 26, 27, 33, 36, 37, 44, 45, 46, 47, 48, 51, 52, 55, 56 => 23
<2> 1, 4, 10, 25, 26, 33, 37, 42, 43, 44, 46, 47, 48, 51, 52, 55, 56 => 32, 36
<2> 1, 4, 10, 23, 26, 33, 37, 40, 42, 43, 44, 46, 47, 48, 52, 55, 56 => 28
<2> 1, 4, 10, 20, 32, 33, 36, 37, 42, 43, 44, 47, 48, 51, 52, 55, 56 => 40, 41
<2> 1, 4, 10, 20, 27, 33, 37, 42, 43, 44, 47, 48, 51, 52, 55, 56 => 36
<2> 1, 4, 10, 19, 33, 37, 42, 43, 44, 47, 48, 51, 52, 55, 56 => 32, 36
<2> 1, 4, 10, 19, 32, 33, 36, 37, 43, 44, 47, 48, 51, 52, 55, 56 => 42
<2> 1, 4, 9, 23, 26, 33, 37, 40, 43, 44, 45, 46, 47, 48, 51, 52, 55, 56 => 28
<2> 1, 4, 9, 21, 26, 33, 37, 40, 43, 44, 46, 47, 48, 51, 52, 55, 56 => 28, 42
<2> 1, 4, 9, 21, 26, 28, 33, 37, 39, 40, 44, 46, 47, 48, 51, 52, 55, 56 => 50, 54
<2> 0, 31, 32, 33, 34, 35, 36, 37, 41, 42, 43, 44, 45, 46, 47, 48, 51, 52, 54, 55, 56 => 4, 26, 28, 30, 40, 50, 53
<2> 0, 26, 29, 31, 32, 33, 34, 35, 36, 37, 44, 45, 46, 47, 48, 49, 50, 51, 52, 53, 54, 55, 56 => 23
<2> 0, 26, 27, 31, 32, 33, 35, 36, 37, 41, 42, 43, 44, 45, 46, 47, 48, 50, 51, 52, 53, 54, 55, 56 => 49
<2> 0, 25, 26, 31, 32, 33, 35, 36, 37, 40, 41, 42, 43, 44, 45, 46, 47, 48, 51, 52, 55, 56 => 7, 39
<2> 0, 25, 26, 27, 32, 33, 36, 37, 41, 42, 43, 44, 45, 46, 47, 48, 51, 52, 55, 56 => 5
<2> 0, 23, 26, 33, 37, 41, 42, 43, 44, 46, 47, 48, 52, 56 => 28, 39, 40
<2> 0, 23, 26, 30, 31, 32, 33, 34, 35, 36, 37, 39, 40, 42, 43, 44, 45, 46, 47, 48, 50, 51, 52, 54, 55, 56 => 27
<2> 0, 23, 26, 27, 31, 32, 33, 35, 36, 37, 39, 40, 42, 43, 44, 45, 46, 47, 48, 50, 51, 52, 54, 55, 56 => 30, 34
<2> 0, 19, 28, 32, 33, 36, 37, 38, 39, 40, 47, 48, 50, 51, 52, 54, 55, 56 => 4
<2> 0, 19, 28, 32, 33, 36, 37, 38, 39, 40, 44, 47, 48, 51, 52, 55, 56 => 8
<2> 0, 18, 31, 32, 33, 35, 36, 37, 40, 42, 43, 44, 45, 46, 47, 48, 49, 50, 51, 52, 53, 54, 55, 56 => 27
<2> 0, 18, 31, 32, 33, 34, 35, 36, 37, 40, 44, 45, 46, 47, 48, 50, 51, 52, 54, 55, 56 => 6, 21, 30, 39, 43
<2> 0, 18, 30, 31, 32, 33, 35, 36, 37, 40, 44, 45, 46, 47, 48, 50, 51, 52, 54, 55, 56 => 6, 21, 34, 39, 43
<2> 0, 17, 32, 33, 36, 37, 41, 42, 43, 44, 45, 46, 47, 48, 51, 52, 54, 55, 56 => 26, 27
<2> 0, 17, 27, 31, 32, 33, 35, 36, 37, 39, 40, 44, 45, 46, 47, 48, 51, 52, 55, 56 => 5, 26
<2> 0, 17, 26, 31, 32, 33, 35, 36, 37, 43, 44, 45, 46, 47, 48, 49, 50, 51, 52, 53, 54, 55, 56 => 27, 42
<2> 0, 17, 25, 26, 27, 31, 32, 33, 35, 36, 37, 40, 44, 45, 46, 47, 48, 51, 52, 55, 56 => 5
<2> 0, 17, 22, 31, 32, 33, 35, 36, 37, 40, 42, 43, 44, 45, 46, 47, 48, 50, 51, 52, 54, 55, 56 => 27, 49, 53
<2> 0, 17, 21, 31, 32, 33, 35, 36, 37, 40, 43, 44, 45, 46, 47, 48, 50, 51, 52, 54, 55, 56 => 39
<2> 0, 17, 21, 26, 31, 32, 33, 35, 36, 37, 42, 43, 44, 45, 46, 47, 48, 50, 51, 52, 54, 55, 56 => 5, 27
<2> 0, 17, 20, 28, 31, 32, 33, 35, 36, 37, 39, 40, 44, 45, 46, 47, 48, 50, 51, 52, 54, 55, 56 => 5
<2> 0, 17, 19, 31, 32, 33, 35, 36, 37, 40, 43, 44, 45, 46, 47, 48, 49, 50, 51, 52, 53, 54, 55, 56 => 42
<2> 0, 8, 19, 32, 33, 36, 37, 42, 43, 44, 52 => 5, 27, 40
<2> 0, 8, 19, 28, 32, 33, 36, 37, 39, 40, 44, 47, 48, 51, 52, 55, 56 => 38
<2> 0, 7, 27, 31, 32, 33, 35, 36, 37, 39, 40, 43, 44, 45, 46, 47, 48, 51, 52, 54, 55, 56 => 50
<2> 0, 7, 27, 31, 32, 33, 34, 35, 36, 37, 40, 44, 45, 46, 47, 48, 51, 52, 54, 55, 56 => 4, 26, 30, 42, 43, 50, 53
<2> 0, 7, 25, 26, 32, 33, 36, 37, 39, 40, 43, 44, 45, 46, 47, 48, 51, 52, 54, 55, 56 => 4, 28, 50
<2> 0, 7, 24, 26, 28, 32, 33, 36, 37, 39, 40, 43, 44, 45, 46, 47, 48, 51, 52, 54, 55, 56 => 4, 50
<2> 0, 7, 24, 26, 27, 32, 33, 36, 37, 40, 43, 44, 45, 46, 47, 48, 51, 52, 54, 55, 56 => 31, 35
<2> 0, 7, 24, 26, 27, 31, 32, 33, 35, 36, 37, 40, 43, 44, 45, 46, 47, 48, 51, 52, 55, 56 => 54
<2> 0, 7, 22, 26, 27, 31, 32, 33, 35, 36, 37, 44, 45, 46, 47, 48, 51, 52, 55, 56 => 42, 43
<2> 0, 7, 21, 27, 32, 33, 36, 37, 43, 44, 45, 46, 47, 48, 50, 51, 52, 54, 55, 56 => 4, 49, 53
<2> 0, 7, 21, 26, 28, 31, 32, 33, 35, 36, 37, 40, 43, 44, 45, 46, 47, 48, 51, 52, 54, 55, 56 => 42
<2> 0, 7, 20, 27, 31, 32, 33, 35, 36, 37, 40, 43, 44, 45, 46, 47, 48, 50, 51, 52, 54, 55, 56 => 5
<2> 0, 7, 19, 27, 31, 32, 33, 35, 36, 37, 43, 44, 45, 46, 47, 48, 50, 51, 52, 54, 55, 56 => 42
<2> 0, 7, 18, 31, 32, 33, 35, 36, 37, 40, 44, 45, 46, 47, 48, 50, 51, 52, 54, 55, 56 => 21, 43
<2> 0, 6, 32, 33, 36, 37, 38, 39, 40, 46, 47, 48, 51, 52, 55, 56 => 5, 28, 31, 35, 44, 45, 50, 54
<2> 0, 6, 23, 26, 31, 32, 33, 35, 36, 37, 39, 40, 43, 44, 45, 46, 47, 48, 50, 51, 52, 54, 55, 56 => 34, 42
<2> 0, 6, 22, 26, 32, 33, 35, 36, 37, 39, 40, 44, 45, 46, 47, 48, 52, 55, 56 => 5, 28
<2> 0, 6, 22, 26, 28, 31, 32, 33, 35, 36, 37, 40, 44, 45, 46, 47, 48, 50, 51, 52, 54, 55, 56 => 30, 34
<2> 0, 6, 21, 26, 31, 32, 33, 35, 36, 37, 41, 42, 43, 44, 45, 46, 47, 48, 50, 51, 52, 54, 55, 56 => 5, 27
<2> 0, 6, 18, 21, 28, 31, 32, 33, 35, 36, 37, 39, 40, 44, 45, 46, 47, 48, 50, 51, 52, 54, 55, 56 => 5
<2> 0, 5, 31, 32, 33, 35, 36, 37, 39, 40, 44, 45, 46, 47, 48, 50, 51, 52, 53, 54, 55, 56 => 28
<2> 0, 5, 30, 31, 32, 33, 35, 36, 37, 44, 45, 46, 47, 48, 50, 51, 52, 53, 54, 55, 56 => 34
<2> 0, 5, 28, 31, 32, 33, 35, 36, 37, 38, 39, 40, 44, 45, 46, 47, 48, 50, 51, 52, 54, 55, 56 => 6
<2> 0, 5, 26, 31, 32, 33, 35, 36, 37, 44, 45, 46, 47, 48, 49, 50, 51, 52, 53, 54, 55, 56 => 17
<2> 0, 5, 26, 28, 30, 31, 32, 33, 34, 35, 36, 37, 39, 40, 44, 45, 46, 47, 48, 51, 52, 54, 55, 56 => 6
<2> 0, 5, 25, 26, 31, 32, 33, 35, 36, 37, 39, 40, 44, 45, 46, 47, 48, 51, 52, 54, 55, 56 => 6
<2> 0, 5, 24, 26, 28, 31, 32, 33, 35, 36, 37, 39, 40, 43, 44, 45, 46, 47, 48, 51, 52, 54, 55, 56 => 6
<2> 0, 5, 24, 26, 27, 31, 32, 33, 35, 36, 37, 40, 42, 43, 44, 45, 46, 47, 48, 51, 52, 55, 56 => 41
<2> 0, 5, 23, 26, 31, 32, 33, 35, 36, 37, 39, 40, 45, 46, 47, 48, 51, 52, 54, 55, 56 => 6
<2> 0, 5, 22, 26, 31, 32, 33, 35, 36, 37, 40, 44, 45, 46, 47, 48, 51, 52, 54, 55, 56 => 6
<2> 0, 5, 21, 26, 31, 32, 33, 35, 36, 37, 39, 40, 42, 43, 44, 45, 46, 47, 48, 51, 52, 54, 55, 56 => 34
<2> 0, 5, 21, 26, 31, 32, 33, 34, 35, 36, 37, 39, 40, 43, 44, 45, 46, 47, 48, 51, 52, 54, 55, 56 => 42
<2> 0, 5, 20, 27, 31, 32, 33, 35, 36, 37, 40, 43, 44, 45, 46, 47, 48, 50, 51, 52, 54, 55, 56 => 7
<2> 0, 5, 19, 31, 32, 33, 35, 36, 37, 40, 44, 45, 46, 47, 48, 50, 51, 52, 53, 54, 55, 56 => 17
<2> 0, 5, 8, 31, 32, 33, 35, 36, 37, 40, 43, 44, 46, 47, 48, 51, 52, 54, 55, 56 => 26, 45
<2> 0, 5, 7, 31, 32, 33, 35, 36, 37, 39, 40, 42, 43, 44, 45, 46, 47, 48, 51, 52, 54, 55, 56 => 28
<2> 0, 5, 7, 31, 32, 33, 34, 35, 36, 37, 39, 40, 44, 45, 46, 47, 48, 51, 52, 54, 55, 56 => 28
<2> 0, 5, 7, 26, 27, 31, 32, 33, 35, 36, 37, 42, 43, 44, 45, 46, 47, 48, 50, 51, 52, 54, 55, 56 => 23
<2> 0, 5, 7, 26, 27, 31, 32, 33, 35, 36, 37, 41, 42, 43, 44, 45, 46, 47, 48, 51, 52, 55, 56 => 40
<2> 0, 5, 7, 20, 31, 32, 33, 35, 36, 37, 40, 43, 44, 45, 46, 47, 48, 50, 51, 52, 54, 55, 56 => 27
<2> 0, 5, 6, 31, 32, 33, 35, 36, 37, 39, 40, 42, 43, 44, 45, 46, 47, 48, 50, 51, 52, 54, 55, 56 => 30, 34
<2> 0, 5, 6, 26, 28, 31, 32, 33, 35, 36, 37, 39, 40, 43, 44, 45, 46, 47, 48, 51, 52, 54, 55, 56 => 24
<2> 0, 5, 6, 24, 26, 31, 32, 33, 35, 36, 37, 40, 43, 44, 45, 46, 47, 48, 51, 52, 54, 55, 56 => 28, 39
<2> 0, 5, 6, 23, 26, 31, 32, 33, 35, 36, 37, 40, 45, 46, 47, 48, 51, 52, 54, 55, 56 => 39
<2> 0, 5, 6, 21, 26, 27, 31, 32, 33, 35, 36, 37, 42, 43, 44, 45, 46, 47, 48, 50, 51, 52, 54, 55, 56 => 41
<2> 0, 5, 6, 19, 31, 32, 33, 35, 36, 37, 43, 44, 45, 46, 47, 48, 50, 51, 52, 54, 55, 56 => 30, 34
<2> 0, 4, 29, 32, 33, 36, 37, 44, 45, 46, 47, 48, 50, 51, 52, 54, 55, 56 => 26, 43, 49, 53
<2> 0, 4, 28, 30, 31, 32, 33, 35, 36, 37, 40, 41, 42, 43, 44, 45, 46, 47, 48, 49, 50, 51, 52, 53, 54, 55, 56 => 6
<2> 0, 4, 26, 32, 33, 36, 37, 38, 39, 40, 43, 44, 45, 46, 47, 48, 50, 51, 52, 53, 54, 55, 56 => 8, 24
<2> 0, 4, 26, 28, 31, 32, 33, 35, 36, 37, 39, 40, 41, 42, 43, 44, 45, 46, 47, 48, 50, 51, 52, 53, 54, 55, 56 => 30
<2> 0, 4, 26, 27, 31, 32, 33, 35, 36, 37, 39, 40, 42, 43, 44, 45, 46, 47, 48, 50, 51, 52, 53, 54, 55, 56 => 30, 34
<2> 0, 4, 24, 26, 28, 31, 32, 33, 35, 36, 37, 40, 41, 42, 43, 44, 45, 46, 47, 48, 50, 51, 52, 54, 55, 56 => 6, 30, 53
<2> 0, 4, 24, 26, 28, 30, 31, 32, 33, 35, 36, 37, 40, 42, 43, 44, 45, 46, 47, 48, 50, 51, 52, 53, 54, 55, 56 => 6, 41
<2> 0, 4, 24, 26, 28, 30, 31, 32, 33, 34, 35, 36, 37, 40, 43, 44, 45, 46, 47, 48, 49, 50, 51, 52, 53, 54, 55, 56 => 6
<2> 0, 4, 23, 26, 31, 32, 33, 35, 36, 37, 39, 40, 43, 44, 45, 46, 47, 48, 50, 51, 52, 53, 54, 55, 56 => 34, 42
<2> 0, 4, 23, 26, 30, 31, 32, 33, 34, 35, 36, 37, 43, 44, 45, 46, 47, 48, 49, 50, 51, 52, 53, 54, 55, 56 => 6
<2> 0, 4, 23, 26, 28, 31, 32, 33, 35, 36, 37, 40, 43, 44, 45, 46, 47, 48, 50, 51, 52, 53, 54, 55, 56 => 6, 34
<2> 0, 4, 23, 26, 28, 31, 32, 33, 35, 36, 37, 40, 42, 43, 44, 45, 46, 47, 48, 50, 51, 52, 54, 55, 56 => 39
<2> 0, 4, 22, 26, 28, 31, 32, 33, 34, 35, 36, 37, 39, 40, 44, 45, 46, 47, 48, 50, 51, 52, 53, 54, 55, 56 => 7
<2> 0, 4, 21, 31, 32, 33, 35, 36, 37, 40, 42, 43, 44, 45, 46, 47, 48, 49, 50, 51, 52, 53, 54, 55, 56 => 6, 30, 34, 39
<2> 0, 4, 21, 27, 31, 32, 33, 35, 36, 37, 40, 43, 44, 45, 46, 47, 48, 49, 50, 51, 52, 53, 54, 55, 56 => 18
<2> 0, 4, 21, 27, 31, 32, 33, 35, 36, 37, 40, 42, 43, 44, 45, 46, 47, 48, 50, 51, 52, 53, 54, 55, 56 => 6, 30, 34
<2> 0, 4, 21, 26, 31, 32, 33, 35, 36, 37, 40, 43, 44, 45, 46, 47, 48, 49, 50, 51, 52, 53, 54, 55, 56 => 6, 28, 30, 34, 39
<2> 0, 4, 17, 25, 26, 31, 32, 33, 35, 36, 37, 40, 43, 44, 45, 46, 47, 48, 50, 51, 52, 54, 55, 56 => 28
<2> 0, 4, 17, 24, 26, 32, 33, 36, 37, 40, 43, 44, 45, 46, 47, 48, 51, 52, 54, 55, 56 => 42
<2> 0, 4, 17, 19, 32, 33, 36, 37, 40, 43, 44, 45, 46, 47, 48, 50, 51, 52, 54, 55, 56 => 28
<2> 0, 4, 8, 32, 33, 36, 37, 43, 44, 45, 46, 47, 48, 50, 51, 52, 53, 54, 55, 56 => 24, 26, 38, 39, 40
<2> 0, 4, 8, 26, 32, 33, 36, 37, 38, 39, 40, 43, 44, 45, 46, 47, 48, 50, 51, 52, 54, 55, 56 => 24, 53
<2> 0, 4, 8, 24, 26, 32, 33, 36, 37, 39, 40, 43, 44, 45, 46, 47, 48, 50, 51, 52, 54, 55, 56 => 38, 53
<2> 0, 4, 7, 27, 31, 32, 33, 35, 36, 37, 40, 42, 43, 44, 45, 46, 47, 48, 50, 51, 52, 53, 54, 55, 56 => 26, 30, 34
<2> 0, 4, 7, 26, 31, 32, 33, 35, 36, 37, 43, 44, 45, 46, 47, 48, 49, 50, 51, 52, 53, 54, 55, 56 => 22, 30, 42
<2> 0, 4, 7, 25, 26, 28, 32, 33, 36, 37, 40, 43, 44, 45, 46, 47, 48, 50, 51, 52, 54, 55, 56 => 39
<2> 0, 4, 7, 23, 26, 31, 32, 33, 35, 36, 37, 40, 43, 44, 45, 46, 47, 48, 50, 51, 52, 53, 54, 55, 56 => 27
<2> 0, 4, 7, 23, 26, 31, 32, 33, 35, 36, 37, 40, 42, 43, 44, 45, 46, 47, 48, 50, 51, 52, 54, 55, 56 => 39
<2> 0, 4, 7, 23, 26, 27, 31, 32, 33, 35, 36, 37, 40, 43, 44, 45, 46, 47, 48, 50, 51, 52, 54, 55, 56 => 53
<2> 0, 4, 7, 22, 26, 31, 32, 33, 35, 36, 37, 42, 43, 44, 45, 46, 47, 48, 50, 51, 52, 54, 55, 56 => 30, 49, 53
<2> 0, 4, 7, 21, 32, 33, 36, 37, 43, 44, 45, 46, 47, 48, 49, 50, 51, 52, 53, 54, 55, 56 => 27
<2> 0, 4, 7, 21, 28, 32, 33, 36, 37, 40, 45, 46, 47, 48, 50, 51, 52, 54, 55, 56 => 26
<2> 0, 4, 6, 26, 28, 30, 31, 32, 33, 35, 36, 37, 40, 41, 42, 43, 44, 45, 46, 47, 48, 50, 51, 52, 53, 54, 55, 56 => 24
<2> 0, 4, 6, 24, 26, 28, 30, 31, 32, 33, 34, 35, 36, 37, 40, 43, 44, 45, 46, 47, 48, 50, 51, 52, 53, 54, 55, 56 => 49
<2> 0, 4, 6, 23, 26, 31, 32, 33, 34, 35, 36, 37, 40, 43, 44, 45, 46, 47, 48, 50, 51, 52, 53, 54, 55, 56 => 28
<2> 0, 4, 6, 23, 26, 30, 31, 32, 33, 34, 35, 36, 37, 43, 44, 45, 46, 47, 48, 50, 51, 52, 53, 54, 55, 56 => 49
<2> 0, 4, 6, 22, 26, 30, 31, 32, 33, 35, 36, 37, 42, 43, 44, 45, 46, 47, 48, 49, 50, 51, 52, 53, 54, 55, 56 => 27
<2> 0, 4, 6, 21, 28, 30, 31, 32, 33, 34, 35, 36, 37, 39, 40, 43, 44, 45, 46, 47, 48, 49, 50, 51, 52, 53, 54, 55, 56 => 26
