<1> 23, 26, 37, 38, 39, 40, 47, 48 => 2, 5, 11, 28, 33, 43, 44, 46
<1> 22, 26, 27, 32, 33, 36, 37, 39, 40, 44, 45, 46, 47, 48, 52, 56 => 0, 5, 7, 31, 35, 42, 43, 51, 55
<1> 21, 28, 32, 33, 36, 37, 38, 39, 40, 43, 44, 46, 47, 48, 52, 56 => 1, 4, 8, 26, 31, 35, 42, 45, 50, 51, 54, 55
<1> 20, 29, 33, 37, 44, 46, 47, 48, 51, 52, 55, 56 => 1, 5, 9, 32, 36, 45, 49, 50, 53, 54
<1> 20, 27, 31, 32, 33, 35, 36, 37, 41, 42, 43, 44, 45, 46, 47, 48, 51, 52, 55, 56 => 3, 5, 17
<1> 20, 27, 31, 32, 33, 35, 36, 37, 39, 40, 42, 43, 44, 45, 46, 47, 48, 50, 51, 52, 54, 55, 56 => 1, 4, 8, 49, 53
<1> 19, 28, 37, 39, 40, 41, 42, 43, 44, 48, 52, 56 => 2, 4, 12, 51, 55
<1> 18, 33, 37, 38, 39, 40, 44, 46, 47, 48, 52, 56 => 0, 5, 6, 21, 28, 31, 32, 35, 36, 45, 50, 51, 54, 55
<1> 18, 27, 37, 40, 41, 42, 43, 44, 51, 52, 56 => 2, 4, 12, 21
<1> 18, 23, 44, 48, 52 => 2, 5, 12, 28, 39, 40, 42, 43
<1> 18, 22, 33, 37, 44, 46, 47, 48, 52, 56 => 0, 5, 17, 27, 31, 32, 35, 36, 40, 42, 43, 45, 49, 50, 51, 53, 54, 55
<1> 17, 25, 26, 27, 31, 32, 33, 35, 36, 37, 39, 40, 43, 44, 45, 46, 47, 48, 51, 52, 55, 56 => 3, 4
<1> 17, 23, 26, 28, 31, 32, 33, 35, 36, 37, 39, 40, 43, 44, 45, 46, 47, 48, 52, 56 => 0, 4, 50, 51, 54, 55
<1> 17, 20, 32, 33, 36, 37, 44, 45, 46, 47, 48, 50, 51, 52, 53, 54, 55, 56 => 0, 4, 28, 31, 35, 40, 42, 43, 49
<1> 14, 24, 26, 33, 36, 37, 42, 43, 44, 46, 47, 48 => 2, 5, 28, 40, 41
<1> 14, 24, 26, 27, 33, 37, 40, 42, 43, 44, 46, 47, 48 => 3, 5
<1> 14, 21, 26, 32, 33, 36, 37, 40, 42, 43, 44, 46, 47, 48 => 3, 5, 28, 39
<1> 14, 19, 28, 33, 36, 37, 40, 43, 44, 48 => 3, 5, 39
<1> 11, 36, 37, 44 => 1, 5, 22, 26, 27, 33, 40, 42, 43, 46, 47, 48
<1> 11, 27, 39, 40, 43, 44, 47, 48 => 1, 4, 24, 26, 42, 45, 46, 51, 52, 55, 56
<1> 11, 25, 26, 40, 43, 44, 45, 46, 47, 48, 51, 52, 55, 56 => 1, 5, 27, 33, 37
<1> 11, 24, 26, 40, 41, 42, 43, 44, 46, 47, 48 => 2, 5, 28, 39, 52, 56
<1> 11, 23, 26, 27, 40, 43, 44, 46, 47, 48 => 1, 4, 42, 45, 51, 52, 55, 56
<1> 11, 22, 26, 43, 44, 45, 46, 47, 48, 52, 55, 56 => 1, 5, 27, 33, 37, 42
<1> 11, 22, 26, 28, 33, 37, 38, 39, 40, 44, 46, 47, 48 => 2, 5
<1> 11, 21, 26, 28, 37, 40, 42, 43, 44, 46, 47, 48, 56 => 1, 4, 33, 45, 51, 52, 55
<1> 8, 31, 32, 33, 34, 35, 36, 37, 44, 45, 46, 47, 48, 51, 52, 54, 55, 56 => 0, 4, 24, 26, 28, 30, 38, 39, 40, 43, 50, 53
<1> 8, 23, 26, 28, 33, 37, 39, 40, 42, 43, 44, 46, 47, 48, 52, 56 => 0, 5, 41
<1> 8, 21, 26, 27, 32, 33, 36, 37, 40, 43, 44, 46, 47, 48, 52, 56 => 1, 4, 45, 50, 51, 54, 55
<1> 8, 19, 28, 31, 32, 33, 35, 36, 37, 39, 40, 42, 43, 44, 46, 47, 48, 51, 52, 55, 56 => 1, 4, 50, 54
<1> 5, 26, 29, 33, 37, 43, 44, 45, 46, 47, 48, 52, 55, 56 => 3, 15, 22, 41, 42
<1> 5, 26, 28, 31, 32, 33, 35, 36, 37, 39, 40, 42, 43, 44, 47, 48, 50, 51, 52, 55, 56 => 3, 16, 25
<1> 5, 25, 26, 31, 32, 33, 35, 36, 37, 39, 40, 42, 43, 44, 47, 48, 50, 51, 52, 55, 56 => 3, 16, 28
<1> 5, 24, 31, 32, 33, 35, 36, 37, 40, 43, 44, 46, 47, 48, 50, 51, 52, 54, 55, 56 => 3, 16, 18, 28, 39, 41, 42
<1> 5, 24, 26, 28, 31, 32, 33, 35, 36, 37, 38, 39, 40, 44, 45, 46, 47, 48, 52, 56 => 3, 16
<1> 5, 24, 26, 27, 31, 32, 33, 35, 36, 37, 39, 40, 42, 43, 44, 45, 46, 47, 48, 52, 56 => 3, 16
<1> 5, 23, 26, 28, 32, 33, 36, 37, 39, 40, 41, 42, 43, 44, 45, 46, 47, 48, 52, 56 => 1, 9
<1> 5, 22, 26, 29, 33, 37, 44, 45, 46, 47, 48, 52, 55, 56 => 3, 15, 41, 42, 43
<1> 5, 22, 26, 27, 31, 32, 33, 35, 36, 37, 42, 43, 44, 45, 46, 47, 48, 49, 50, 51, 52, 53, 54, 55, 56 => 3, 15
<1> 5, 20, 32, 33, 36, 37, 44, 45, 46, 47, 48, 49, 50, 51, 52, 53, 54, 55, 56 => 1, 9, 29
<1> 5, 20, 32, 33, 36, 37, 40, 41, 42, 43, 44, 48, 51, 52, 56 => 1, 9, 28
<1> 5, 20, 31, 32, 33, 35, 36, 37, 44, 45, 46, 47, 48, 50, 51, 52, 53, 54, 55, 56 => 0, 7, 28, 30, 34, 39, 40
<1> 5, 20, 31, 32, 33, 35, 36, 37, 44, 45, 46, 47, 48, 49, 50, 51, 52, 54, 55, 56 => 0, 17, 28, 39, 40, 42, 43
<1> 5, 20, 28, 33, 37, 39, 40, 41, 42, 43, 44, 48, 52 => 2, 14
<1> 5, 19, 41, 42, 43, 44, 48, 51, 52, 56 => 2, 14, 27, 40
<1> 5, 19, 29, 33, 37, 42, 43, 44, 46, 47, 48, 51, 52, 55, 56 => 2, 12
<1> 5, 19, 27, 40, 41, 42, 43, 44, 48, 52, 56 => 2, 14, 51
<1> 5, 19, 27, 32, 33, 36, 37, 40, 41, 42, 43, 44, 52 => 0, 8
<1> 5, 19, 27, 31, 32, 33, 35, 36, 37, 39, 40, 42, 43, 44, 46, 47, 48, 51, 52, 55, 56 => 1, 9
<1> 5, 18, 21, 28, 37, 42, 43, 44, 47, 48, 51, 52, 56 => 2, 14
<1> 5, 18, 21, 28, 37, 40, 42, 43, 44, 48, 51, 52, 56 => 1, 10
<1> 5, 17, 19, 28, 31, 32, 33, 35, 36, 37, 40, 42, 43, 44, 46, 47, 48, 52, 55, 56 => 3, 41
<1> 5, 14, 33, 37, 44, 47, 48, 52, 55, 56 => 2, 22, 26, 27, 45, 46, 51
<1> 5, 14, 25, 26, 27, 33, 37, 40, 42, 43, 44, 46, 47, 48 => 3
<1> 5, 14, 23, 26, 28, 33, 37, 39, 40, 43, 44, 46, 47, 48 => 2, 42
<1> 5, 14, 19, 28, 33, 37, 39, 40, 43, 44, 48 => 3, 36
<1> 5, 11, 40, 43, 44, 47, 48, 51, 52, 56 => 1, 25, 26, 27, 33, 37, 45, 46, 55
<1> 5, 11, 28, 37, 40, 42, 43, 44, 47, 48, 52, 56 => 2, 19
<1> 5, 11, 25, 26, 28, 40, 42, 43, 44, 46, 47, 48, 52, 56 => 2, 39
<1> 5, 11, 23, 26, 28, 33, 37, 39, 40, 43, 44, 46, 47, 48 => 2, 38
<1> 5, 11, 22, 26, 28, 33, 37, 39, 40, 44, 46, 47, 48 => 2, 38
<1> 5, 8, 32, 33, 36, 37, 43, 44, 46, 47, 48, 50, 51, 52, 54, 55, 56 => 1, 19, 27, 42
<1> 5, 8, 26, 28, 33, 36, 37, 41, 42, 43, 44, 46, 47, 48, 52, 56 => 1, 24
<1> 5, 8, 25, 26, 27, 33, 37, 40, 41, 42, 43, 44, 48 => 1
<1> 5, 8, 24, 26, 28, 32, 33, 36, 37, 39, 40, 44, 46, 47, 48, 52, 56 => 1
<1> 5, 8, 20, 32, 33, 36, 37, 42, 43, 44, 48, 51, 52, 56 => 0, 27
<1> 5, 8, 19, 27, 32, 33, 36, 37, 41, 42, 43, 44, 52 => 0, 40
<1> 4, 27, 32, 33, 36, 37, 40, 41, 42, 43, 44, 46, 47, 48, 50, 51, 52, 54, 55, 56 => 1, 10, 20
<1> 4, 26, 27, 31, 32, 33, 35, 36, 37, 40, 41, 42, 43, 44, 45, 46, 47, 48, 51, 52, 55, 56 => 3, 17, 23
<1> 4, 25, 26, 27, 33, 36, 37, 41, 42, 43, 44, 45, 46, 47, 48, 50, 51, 52, 54, 55, 56 => 3, 14
<1> 4, 24, 28, 31, 32, 33, 35, 36, 37, 39, 40, 42, 43, 44, 45, 46, 47, 48, 49, 50, 51, 52, 53, 54, 55, 56 => 3, 16, 18
<1> 4, 24, 26, 29, 33, 37, 42, 43, 44, 45, 46, 47, 48, 50, 51, 52, 54, 55, 56 => 2, 14
<1> 4, 23, 26, 31, 32, 33, 35, 36, 37, 40, 42, 43, 44, 45, 46, 47, 48, 49, 50, 51, 52, 53, 54, 55, 56 => 1, 8, 27
<1> 4, 23, 26, 29, 33, 37, 41, 42, 43, 44, 45, 46, 47, 48, 50, 51, 52, 54, 55, 56 => 2, 14
<1> 4, 23, 26, 27, 32, 33, 36, 37, 40, 41, 42, 43, 44, 45, 46, 47, 48, 51, 52, 55, 56 => 3, 17, 31, 35
<1> 4, 20, 28, 31, 32, 33, 35, 36, 37, 39, 40, 41, 42, 43, 44, 45, 46, 47, 48, 50, 51, 52, 54, 55, 56 => 3, 17
<1> 4, 20, 27, 31, 32, 33, 35, 36, 37, 39, 40, 43, 44, 45, 46, 47, 48, 49, 50, 51, 52, 53, 54, 55, 56 => 1, 8, 42
<1> 4, 19, 29, 31, 32, 33, 34, 35, 36, 37, 44, 45, 46, 47, 48, 49, 50, 51, 52, 53, 54, 55, 56 => 3, 15
<1> 4, 18, 25, 28, 32, 33, 36, 37, 40, 43, 44, 45, 46, 47, 48, 50, 51, 52, 54, 55, 56 => 1, 9
<1> 4, 18, 25, 28, 31, 32, 33, 35, 36, 37, 39, 40, 44, 45, 46, 47, 48, 51, 52, 54, 55, 56 => 3, 16
<1> 4, 18, 21, 28, 37, 40, 42, 43, 44, 47, 48, 50, 51, 52, 55, 56 => 1, 10
<1> 4, 17, 25, 26, 27, 31, 32, 33, 35, 36, 37, 40, 43, 44, 45, 46, 47, 48, 51, 52, 55, 56 => 3, 39
<1> 4, 17, 23, 26, 28, 31, 32, 33, 35, 36, 37, 40, 43, 44, 45, 46, 47, 48, 51, 52, 55, 56 => 0, 39, 50, 54
<1> 4, 17, 20, 28, 31, 32, 33, 35, 36, 37, 39, 40, 42, 43, 44, 45, 46, 47, 48, 50, 51, 52, 54, 55, 56 => 3, 41
<1> 4, 14, 26, 27, 33, 37, 42, 43, 44, 45, 46, 47, 48, 50, 51, 52, 54, 55, 56 => 3, 25, 36, 41
<1> 4, 14, 26, 27, 33, 36, 37, 41, 42, 43, 44, 46, 47, 48, 51, 52, 55, 56 => 3, 25, 45, 50, 54
<1> 4, 14, 25, 26, 28, 33, 37, 40, 42, 43, 44, 46, 47, 48, 52, 55, 56 => 3
<1> 4, 14, 24, 26, 28, 33, 37, 40, 42, 43, 44, 45, 46, 47, 48, 52, 55, 56 => 3
<1> 4, 14, 23, 26, 33, 37, 42, 43, 44, 45, 46, 47, 48, 50, 51, 52, 54, 55, 56 => 2, 29, 41
<1> 4, 14, 22, 26, 33, 37, 41, 42, 43, 44, 46, 47, 48, 51, 52, 55, 56 => 3, 27, 45
<1> 4, 14, 21, 33, 37, 42, 43, 44, 46, 47, 48, 50, 51, 52, 54, 55, 56 => 2, 18, 27
<1> 4, 14, 21, 26, 27, 33, 37, 41, 42, 43, 44, 46, 47, 48, 51, 52, 55, 56 => 3
<1> 4, 14, 20, 37, 42, 43, 44, 48, 50, 51, 52, 55, 56 => 2, 28, 40
<1> 4, 14, 20, 27, 33, 37, 41, 42, 43, 44, 47, 48, 51, 52, 55, 56 => 3
<1> 4, 11, 28, 33, 37, 40, 41, 42, 43, 44, 47, 48, 51, 52, 56 => 2, 20, 39
<1> 4, 11, 28, 33, 37, 39, 40, 42, 43, 44, 47, 48, 51, 52, 55, 56 => 2, 19
<1> 4, 11, 26, 27, 33, 37, 40, 41, 42, 43, 44, 46, 47, 48, 51, 52, 55, 56 => 2, 21
<1> 4, 11, 25, 26, 28, 37, 39, 40, 43, 44, 46, 47, 48, 51, 52, 55, 56 => 2
<1> 4, 11, 22, 26, 27, 33, 37, 40, 42, 43, 44, 46, 47, 48, 51, 52, 55, 56 => 2
<1> 4, 11, 20, 28, 33, 37, 39, 40, 42, 43, 44, 47, 48, 51, 52, 56 => 2, 41
<1> 4, 8, 24, 26, 29, 31, 32, 33, 35, 36, 37, 43, 44, 45, 46, 47, 48, 50, 51, 52, 53, 54, 55, 56 => 1
<1> 4, 8, 24, 26, 27, 32, 33, 36, 37, 43, 44, 45, 46, 47, 48, 50, 51, 52, 54, 55, 56 => 1, 31, 35
<1> 4, 8, 23, 26, 31, 32, 33, 35, 36, 37, 43, 44, 45, 46, 47, 48, 50, 51, 52, 53, 54, 55, 56 => 1, 27, 40, 42, 49
<1> 4, 8, 22, 26, 27, 32, 33, 36, 37, 40, 43, 44, 45, 46, 47, 48, 50, 51, 52, 54, 55, 56 => 0, 31, 35, 42
<1> 4, 8, 19, 32, 33, 35, 36, 37, 43, 44, 45, 46, 47, 48, 50, 51, 52, 54, 55, 56 => 0, 27
<1> 4, 8, 19, 28, 31, 32, 33, 35, 36, 37, 39, 40, 43, 44, 46, 47, 48, 50, 51, 52, 54, 55, 56 => 1, 42
<1> 3, 33, 37, 38, 39, 40, 44 => 5, 16, 24, 26, 28, 31, 32, 35, 36, 45, 46, 47, 48, 52, 56
<1> 3, 32, 33, 36, 37, 40, 44, 45, 46, 47, 48, 50, 51, 52, 53, 54, 55, 56 => 4, 16, 18, 24, 28, 31, 35, 39, 42, 43, 49
<1> 3, 31, 32, 33, 34, 35, 36, 37, 44, 45, 46, 47, 48, 51, 52, 54, 55, 56 => 4, 15, 19, 29, 49, 50, 53
<1> 3, 29, 31, 32, 33, 35, 36, 37, 44, 45, 46, 47, 48, 50, 51, 52, 54, 55, 56 => 4, 15, 19, 34, 49, 53
<1> 3, 27, 32, 33, 36, 37, 44, 45, 46, 47, 48, 50, 51, 52, 53, 54, 55, 56 => 5, 15, 22, 26, 31, 35, 42, 43, 49
<1> 3, 21, 26, 29, 32, 33, 36, 37, 44, 45, 46, 47, 48, 50, 51, 52, 53, 54, 55, 56 => 5, 15, 49
<1> 3, 21, 26, 27, 32, 33, 35, 36, 37, 40, 43, 44, 45, 46, 47, 48, 52, 56 => 5, 16
<1> 3, 20, 27, 31, 32, 33, 35, 36, 37, 43, 44, 45, 46, 47, 48, 50, 51, 52, 54, 55, 56 => 4, 15
<1> 3, 19, 32, 33, 36, 37, 44, 45, 46, 47, 48, 50, 51, 52, 53, 54, 55, 56 => 4, 15, 29, 31, 34, 35, 49
<1> 3, 19, 29, 32, 33, 36, 37, 44, 45, 46, 47, 48, 50, 51, 52, 54, 55, 56 => 4, 15, 31, 34, 35, 49, 53
<1> 3, 18, 27, 32, 33, 36, 37, 40, 42, 43, 44, 46, 47, 48, 52, 56 => 5, 15, 21
<1> 3, 17, 32, 33, 36, 37, 43, 44, 45, 46, 47, 48, 49, 50, 51, 52, 53, 54, 55, 56 => 4, 23, 26, 29
<1> 3, 16, 27, 32, 33, 36, 37, 41, 42, 43, 44, 46, 47, 48, 52, 56 => 5, 22, 26, 31, 35, 40, 45
<1> 3, 16, 25, 26, 28, 31, 32, 33, 35, 36, 37, 39, 40, 42, 43, 44, 47, 48, 50, 51, 52, 55, 56 => 5
<1> 3, 16, 23, 26, 27, 32, 33, 36, 37, 40, 43, 44, 45, 46, 47, 48, 52, 55, 56 => 5, 31, 35, 39
<1> 3, 16, 21, 27, 32, 33, 36, 37, 43, 44, 46, 47, 48, 52, 56 => 5, 26, 35, 40, 45
<1> 3, 16, 20, 28, 31, 32, 33, 35, 36, 37, 40, 42, 43, 44, 46, 47, 48, 50, 51, 52, 54, 55, 56 => 5, 39, 45
<1> 3, 16, 19, 28, 31, 32, 33, 35, 36, 37, 39, 40, 44, 45, 46, 47, 48, 50, 51, 52, 54, 55, 56 => 5
<1> 3, 16, 19, 27, 31, 32, 33, 35, 36, 37, 39, 40, 43, 44, 46, 47, 48, 51, 52, 55, 56 => 5
<1> 3, 15, 26, 29, 33, 37, 42, 43, 44, 45, 46, 47, 48, 52, 55, 56 => 5, 22, 41
<1> 3, 15, 23, 26, 31, 32, 33, 35, 36, 37, 40, 42, 43, 44, 45, 46, 47, 48, 52, 56 => 5, 27
<1> 3, 15, 22, 26, 31, 32, 33, 35, 36, 37, 42, 43, 44, 45, 46, 47, 48, 51, 52, 55, 56 => 5, 27, 49, 50, 53, 54
<1> 3, 15, 22, 26, 28, 33, 36, 37, 40, 41, 42, 43, 44, 46, 47, 48 => 5
<1> 3, 15, 20, 28, 32, 33, 36, 37, 39, 40, 42, 43, 44, 48, 52, 56 => 5
<1> 3, 14, 24, 26, 28, 33, 37, 40, 42, 43, 44, 46, 47, 48 => 4, 45, 52, 55, 56
<1> 3, 14, 23, 26, 33, 37, 42, 43, 44, 46, 47, 48 => 4, 27, 45, 51, 52, 55, 56
<1> 3, 14, 23, 26, 28, 33, 37, 40, 43, 44, 46, 47, 48 => 5
<1> 3, 14, 22, 26, 33, 37, 42, 43, 44, 46, 47, 48 => 4, 27, 41, 45, 51, 52, 55, 56
<1> 3, 14, 22, 26, 28, 33, 37, 40, 43, 44, 46, 47, 48 => 5, 39
<1> 3, 5, 25, 26, 31, 32, 33, 35, 36, 37, 40, 42, 43, 44, 45, 46, 47, 48, 52, 55, 56 => 17, 27
<1> 3, 5, 24, 26, 27, 33, 37, 40, 41, 42, 43, 44, 46, 47, 48 => 15
<1> 3, 5, 23, 26, 28, 31, 32, 33, 35, 36, 37, 39, 40, 42, 43, 44, 45, 46, 47, 48, 52, 56 => 16
<1> 3, 5, 23, 26, 27, 33, 37, 41, 42, 43, 44, 46, 47, 48 => 15
<1> 3, 5, 23, 26, 27, 31, 32, 33, 35, 36, 37, 39, 40, 42, 43, 44, 45, 46, 47, 48, 52, 56 => 17
<1> 3, 5, 22, 26, 28, 33, 36, 37, 40, 41, 42, 43, 44, 46, 47, 48 => 15
<1> 3, 5, 22, 26, 27, 31, 32, 33, 35, 36, 37, 40, 44, 45, 46, 47, 48, 51, 52, 55, 56 => 16
<1> 3, 5, 21, 26, 32, 33, 36, 37, 44, 45, 46, 47, 48, 51, 52, 55, 56 => 15, 29, 49, 50, 53, 54
<1> 3, 5, 19, 28, 32, 33, 36, 37, 39, 40, 41, 42, 43, 44, 52 => 15
<1> 3, 5, 17, 28, 31, 32, 33, 35, 36, 37, 40, 42, 43, 44, 46, 47, 48, 52, 55, 56 => 19, 41
<1> 3, 5, 17, 27, 31, 32, 33, 35, 36, 37, 41, 42, 43, 44, 45, 46, 47, 48, 51, 52, 55, 56 => 20
<1> 3, 5, 17, 26, 27, 31, 32, 33, 35, 36, 37, 40, 42, 43, 44, 45, 46, 47, 48, 51, 52, 55, 56 => 24
<1> 3, 5, 17, 26, 27, 31, 32, 33, 35, 36, 37, 39, 40, 42, 43, 44, 45, 46, 47, 48, 52, 56 => 23
<1> 3, 5, 17, 23, 26, 31, 32, 33, 35, 36, 37, 39, 40, 42, 43, 44, 45, 46, 47, 48, 52, 56 => 27
<1> 3, 5, 17, 23, 26, 27, 31, 32, 33, 35, 36, 37, 40, 42, 43, 44, 45, 46, 47, 48, 52, 56 => 39
<1> 3, 5, 17, 22, 26, 32, 33, 36, 37, 40, 42, 43, 44, 45, 46, 47, 48, 56 => 28
<1> 3, 5, 17, 20, 27, 31, 32, 33, 35, 36, 37, 42, 43, 44, 45, 46, 47, 48, 51, 52, 55, 56 => 41
<1> 3, 5, 16, 28, 31, 32, 33, 35, 36, 37, 39, 40, 42, 43, 44, 45, 46, 47, 48, 50, 51, 52, 54, 55, 56 => 20
<1> 3, 5, 16, 28, 31, 32, 33, 35, 36, 37, 39, 40, 41, 42, 43, 44, 46, 47, 48, 50, 51, 52, 54, 55, 56 => 18, 24
<1> 3, 5, 16, 27, 31, 32, 33, 35, 36, 37, 39, 40, 43, 44, 46, 47, 48, 51, 52, 55, 56 => 19
<1> 3, 5, 16, 26, 28, 31, 32, 33, 35, 36, 37, 39, 40, 41, 42, 43, 44, 45, 46, 47, 48, 52, 55, 56 => 21
<1> 3, 5, 16, 26, 27, 31, 32, 33, 35, 36, 37, 39, 40, 43, 44, 45, 46, 47, 48, 52, 55, 56 => 23
<1> 3, 5, 16, 26, 27, 31, 32, 33, 35, 36, 37, 39, 40, 42, 43, 44, 45, 46, 47, 48, 52, 56 => 24
<1> 3, 5, 16, 25, 26, 28, 31, 32, 33, 35, 36, 37, 39, 40, 42, 43, 44, 47, 48, 51, 52, 55, 56 => 50
<1> 3, 5, 16, 23, 26, 31, 32, 33, 35, 36, 37, 39, 40, 43, 44, 45, 46, 47, 48, 52, 55, 56 => 27
<1> 3, 5, 16, 22, 26, 28, 31, 32, 33, 35, 36, 37, 40, 42, 43, 44, 45, 46, 47, 48, 52, 56 => 39
<1> 3, 5, 16, 22, 26, 27, 31, 32, 33, 35, 36, 37, 40, 42, 43, 44, 45, 46, 47, 48, 52, 56 => 41
<1> 3, 5, 16, 19, 31, 32, 33, 35, 36, 37, 39, 40, 43, 44, 46, 47, 48, 51, 52, 55, 56 => 27
<1> 3, 5, 16, 19, 28, 31, 32, 33, 35, 36, 37, 39, 40, 44, 46, 47, 48, 51, 52, 55, 56 => 45, 50, 54
<1> 3, 5, 15, 32, 33, 36, 37, 40, 41, 42, 43, 44, 52 => 19, 28, 39
<1> 3, 5, 15, 26, 29, 32, 33, 36, 37, 44, 45, 46, 47, 48, 49, 50, 51, 52, 53, 54, 55, 56 => 21
<1> 3, 5, 15, 26, 28, 32, 33, 36, 37, 39, 40, 41, 42, 43, 44, 46, 47, 48 => 21
<1> 3, 5, 15, 26, 27, 32, 33, 36, 37, 40, 41, 42, 43, 44, 46, 47, 48, 56 => 21
<1> 3, 5, 15, 26, 27, 31, 32, 33, 35, 36, 37, 40, 42, 43, 44, 45, 46, 47, 48, 52, 56 => 23
<1> 3, 5, 15, 25, 26, 33, 37, 43, 44, 46, 47, 48, 52, 56 => 27, 42
<1> 3, 5, 15, 25, 26, 28, 32, 33, 36, 37, 40, 43, 44, 46, 47, 48 => 39
<1> 3, 5, 15, 24, 26, 33, 37, 40, 41, 42, 43, 44, 46, 47, 48 => 27
<1> 3, 5, 15, 24, 26, 27, 33, 37, 40, 42, 43, 44, 46, 47, 48 => 41
<1> 3, 5, 15, 22, 26, 33, 37, 41, 42, 43, 44, 45, 46, 47, 48, 52, 55, 56 => 29
<1> 3, 5, 15, 22, 26, 33, 36, 37, 40, 41, 42, 43, 44, 46, 47, 48 => 28
<1> 3, 5, 15, 22, 26, 28, 32, 33, 36, 37, 40, 42, 43, 44, 46, 47, 48 => 39
<1> 3, 5, 15, 21, 27, 32, 33, 36, 37, 40, 42, 43, 44, 46, 47, 48, 52, 56 => 18
<1> 3, 5, 15, 21, 26, 28, 32, 33, 36, 37, 40, 41, 42, 43, 44, 46, 47, 48 => 39
<1> 3, 5, 14, 26, 28, 32, 33, 36, 37, 39, 40, 42, 43, 44, 46, 47, 48 => 21
<1> 3, 5, 14, 25, 26, 33, 37, 40, 42, 43, 44, 46, 47, 48 => 27
<1> 3, 5, 14, 24, 26, 33, 37, 40, 42, 43, 44, 46, 47, 48 => 27
<1> 3, 4, 26, 29, 32, 33, 36, 37, 43, 44, 45, 46, 47, 48, 49, 50, 51, 52, 53, 54, 55, 56 => 17, 23
<1> 3, 4, 26, 27, 33, 36, 37, 41, 42, 43, 44, 45, 46, 47, 48, 50, 51, 52, 54, 55, 56 => 14, 25
<1> 3, 4, 25, 26, 33, 36, 37, 41, 42, 43, 44, 45, 46, 47, 48, 50, 51, 52, 54, 55, 56 => 14, 27
<1> 3, 4, 25, 26, 28, 31, 32, 33, 35, 36, 37, 40, 41, 42, 43, 44, 45, 46, 47, 48, 51, 52, 55, 56 => 17
<1> 3, 4, 25, 26, 27, 31, 32, 33, 35, 36, 37, 39, 40, 43, 44, 45, 46, 47, 48, 51, 52, 55, 56 => 17
<1> 3, 4, 23, 26, 31, 32, 33, 35, 36, 37, 40, 41, 42, 43, 44, 45, 46, 47, 48, 51, 52, 55, 56 => 17, 27
<1> 3, 4, 22, 26, 31, 32, 33, 35, 36, 37, 43, 44, 45, 46, 47, 48, 51, 52, 55, 56 => 17, 28, 40, 42
<1> 3, 4, 22, 26, 28, 32, 33, 36, 37, 40, 41, 42, 43, 44, 45, 46, 47, 48, 51, 52, 55, 56 => 16
<1> 3, 4, 22, 26, 27, 32, 33, 36, 37, 43, 44, 45, 46, 47, 48, 51, 52, 54, 55, 56 => 16
<1> 3, 4, 21, 26, 28, 32, 33, 36, 37, 39, 40, 42, 43, 44, 46, 47, 48, 51, 52, 55, 56 => 15
<1> 3, 4, 20, 27, 33, 37, 41, 42, 43, 44, 47, 48, 51, 52, 55, 56 => 14
<1> 3, 4, 20, 27, 32, 33, 36, 37, 40, 42, 43, 44, 46, 47, 48, 50, 51, 52, 55, 56 => 16
<1> 3, 4, 18, 21, 28, 33, 37, 40, 42, 43, 44, 47, 48, 51, 52, 55, 56 => 15, 41
<1> 3, 4, 17, 27, 32, 33, 36, 37, 43, 44, 45, 46, 47, 48, 50, 51, 52, 54, 55, 56 => 19, 31, 35, 39, 40
<1> 3, 4, 17, 26, 27, 31, 32, 33, 35, 36, 37, 39, 40, 43, 44, 45, 46, 47, 48, 51, 52, 55, 56 => 25
<1> 3, 4, 17, 25, 26, 28, 31, 32, 33, 35, 36, 37, 40, 42, 43, 44, 45, 46, 47, 48, 51, 52, 55, 56 => 41
<1> 3, 4, 17, 22, 26, 32, 33, 36, 37, 40, 41, 42, 43, 44, 45, 46, 47, 48, 51, 52, 55, 56 => 27
<1> 3, 4, 17, 20, 28, 31, 32, 33, 35, 36, 37, 40, 41, 42, 43, 44, 45, 46, 47, 48, 50, 51, 52, 54, 55, 56 => 39
<1> 3, 4, 16, 28, 31, 32, 33, 35, 36, 37, 40, 41, 42, 43, 44, 46, 47, 48, 50, 51, 52, 54, 55, 56 => 25, 26
<1> 3, 4, 16, 26, 32, 33, 36, 37, 41, 42, 43, 44, 45, 46, 47, 48, 50, 51, 52, 54, 55, 56 => 22, 29, 53
<1> 3, 4, 16, 26, 32, 33, 36, 37, 40, 44, 45, 46, 47, 48, 50, 51, 52, 54, 55, 56 => 23, 27
<1> 3, 4, 16, 26, 28, 31, 32, 33, 36, 37, 40, 41, 42, 43, 44, 45, 46, 47, 48, 51, 52, 55, 56 => 23
<1> 3, 4, 16, 26, 27, 32, 33, 36, 37, 40, 42, 43, 44, 45, 46, 47, 48, 51, 52, 55, 56 => 22
<1> 3, 4, 16, 23, 26, 27, 32, 33, 36, 37, 40, 44, 45, 46, 47, 48, 51, 52, 55, 56 => 50, 54
<1> 3, 4, 16, 21, 26, 32, 33, 36, 37, 42, 43, 44, 45, 46, 47, 48, 51, 52, 54, 55, 56 => 29, 50
<1> 3, 4, 16, 20, 28, 31, 32, 33, 35, 36, 37, 40, 42, 43, 44, 46, 47, 48, 50, 51, 52, 55, 56 => 41
<1> 3, 4, 16, 19, 28, 31, 32, 33, 36, 37, 40, 42, 43, 44, 46, 47, 48, 50, 51, 52, 54, 55, 56 => 41
<1> 3, 4, 16, 19, 28, 31, 32, 33, 36, 37, 40, 41, 42, 43, 44, 46, 47, 48, 51, 52, 55, 56 => 50, 54
<1> 3, 4, 15, 32, 33, 36, 37, 44, 45, 46, 47, 48, 49, 50, 51, 52, 53, 54, 55, 56 => 19, 29, 31, 34, 35
<1> 3, 4, 15, 26, 29, 33, 36, 37, 43, 44, 45, 46, 47, 48, 50, 51, 52, 54, 55, 56 => 23
<1> 3, 4, 15, 26, 28, 32, 33, 36, 37, 40, 41, 42, 43, 44, 45, 46, 47, 48, 51, 52, 55, 56 => 21, 31, 35
<1> 3, 4, 15, 26, 28, 32, 33, 36, 37, 39, 40, 43, 44, 45, 46, 47, 48, 51, 52, 55, 56 => 25
<1> 3, 4, 15, 26, 28, 32, 33, 36, 37, 39, 40, 42, 43, 44, 46, 47, 48, 51, 52, 55, 56 => 21
<1> 3, 4, 15, 26, 28, 31, 32, 33, 35, 36, 37, 40, 42, 43, 44, 45, 46, 47, 48, 51, 52, 55, 56 => 21, 41
<1> 3, 4, 15, 26, 27, 31, 32, 33, 35, 36, 37, 40, 43, 44, 45, 46, 47, 48, 51, 52, 55, 56 => 25
<1> 3, 4, 15, 25, 26, 31, 32, 33, 35, 36, 37, 40, 43, 44, 45, 46, 47, 48, 51, 52, 55, 56 => 27
<1> 3, 4, 15, 25, 26, 28, 32, 33, 36, 37, 40, 43, 44, 45, 46, 47, 48, 51, 52, 55, 56 => 39
<1> 3, 4, 15, 25, 26, 27, 32, 33, 36, 37, 40, 43, 44, 45, 46, 47, 48, 51, 52, 55, 56 => 31, 35
<1> 3, 4, 15, 23, 26, 32, 33, 36, 37, 40, 42, 43, 44, 45, 46, 47, 48, 51, 52, 55, 56 => 27
<1> 3, 4, 15, 22, 26, 32, 33, 36, 37, 40, 41, 42, 43, 44, 45, 46, 47, 48, 51, 52, 55, 56 => 27
<1> 3, 4, 15, 22, 26, 27, 32, 33, 36, 37, 40, 42, 43, 44, 45, 46, 47, 48, 51, 52, 55, 56 => 41
<1> 3, 4, 15, 19, 31, 32, 33, 35, 36, 37, 44, 45, 46, 47, 48, 50, 51, 52, 54, 55, 56 => 29, 34, 49, 53
<1> 3, 4, 14, 26, 28, 33, 37, 40, 42, 43, 44, 45, 46, 47, 48, 52, 55, 56 => 24
<1> 3, 4, 14, 26, 27, 33, 36, 37, 42, 43, 44, 45, 46, 47, 48, 51, 52, 55, 56 => 25, 41, 50, 54
<1> 2, 36, 37, 39, 40, 43, 44, 47, 48 => 5, 13, 25, 26, 28, 35
<1> 2, 35, 36, 37, 44, 47, 48 => 5, 13, 25, 26, 28, 39, 40, 43
<1> 2, 27, 39, 40, 43, 44, 47, 48 => 5, 12, 25, 26, 37, 41, 42
<1> 2, 20, 33, 37, 40, 41, 42, 43, 44, 46, 47, 48, 51, 52, 55, 56 => 5, 13, 27
<1> 2, 19, 29, 33, 37, 44, 46, 47, 48, 51, 52, 55, 56 => 5, 12, 42, 43
<1> 2, 14, 27, 40, 41, 42, 43, 44, 48, 51, 52, 56 => 5, 19
<1> 2, 14, 26, 33, 36, 37, 41, 42, 43, 44, 46, 47, 48 => 5, 24, 28, 40
<1> 2, 13, 36, 37, 44, 47, 48 => 5, 25, 26, 28, 35, 39, 40, 43
<1> 2, 13, 26, 28, 37, 39, 40, 41, 42, 43, 44, 46, 47, 48 => 5, 23, 33
<1> 2, 13, 24, 26, 28, 33, 37, 40, 42, 43, 44, 46, 47, 48 => 5, 41
<1> 2, 13, 22, 26, 27, 40, 42, 43, 44, 46, 47, 48 => 5, 41
<1> 2, 12, 33, 37, 40, 41, 42, 43, 44, 48, 52 => 5, 20, 27
<1> 2, 12, 24, 26, 28, 37, 39, 40, 42, 43, 44, 46, 47, 48 => 5
<1> 2, 12, 23, 26, 28, 37, 39, 40, 42, 43, 44, 47, 48 => 5
<1> 2, 12, 21, 27, 37, 40, 42, 43, 44, 52, 56 => 4, 18, 41, 51
<1> 2, 12, 21, 26, 28, 39, 40, 43, 44, 46, 47, 48 => 5, 42, 52, 56
<1> 2, 12, 19, 33, 37, 42, 43, 44, 46, 47, 48, 51, 52, 55, 56 => 5, 29
<1> 2, 12, 19, 28, 39, 40, 42, 43, 44, 46, 47, 48, 51, 52, 55, 56 => 4, 50, 54
<1> 2, 12, 18, 40, 42, 43, 44, 48, 52 => 5, 23, 28, 39
<1> 2, 11, 22, 26, 28, 33, 37, 39, 40, 44, 46, 47, 48 => 5, 38
<1> 2, 11, 21, 26, 37, 40, 42, 43, 44, 46, 47, 48, 56 => 4, 27, 33, 41, 51, 52, 55
<1> 2, 11, 21, 26, 28, 37, 39, 40, 43, 44, 46, 47, 48, 56 => 5
<1> 2, 5, 29, 33, 37, 44, 46, 47, 48, 51, 52, 55, 56 => 12, 19, 42, 43
<1> 2, 5, 28, 37, 42, 43, 44, 47, 48, 51, 52, 56 => 14, 18, 21
<1> 2, 5, 28, 37, 40, 42, 43, 44, 47, 48, 52, 56 => 11, 19
<1> 2, 5, 26, 28, 39, 40, 41, 42, 43, 44, 46, 47, 48, 52, 56 => 11, 24
<1> 2, 5, 25, 26, 37, 40, 41, 42, 43, 44, 46, 47, 48 => 13, 27
<1> 2, 5, 25, 26, 37, 39, 40, 42, 43, 44, 47, 48 => 12, 27, 41
<1> 2, 5, 25, 26, 28, 39, 40, 42, 43, 44, 46, 47, 48, 52, 56 => 11
<1> 2, 5, 25, 26, 28, 37, 39, 40, 43, 44, 47, 48 => 13, 35, 36
<1> 2, 5, 25, 26, 28, 36, 37, 40, 43, 44, 47, 48 => 13, 35, 39
<1> 2, 5, 25, 26, 27, 33, 37, 42, 43, 44, 46, 47, 48, 52, 56 => 12
<1> 2, 5, 24, 26, 28, 37, 40, 42, 43, 44, 46, 47, 48, 56 => 11, 39
<1> 2, 5, 22, 26, 28, 37, 40, 42, 43, 44, 46, 47, 48, 56 => 13
<1> 2, 5, 22, 26, 28, 33, 37, 39, 40, 41, 42, 43, 44, 46, 47, 48 => 14
<1> 2, 5, 22, 26, 27, 37, 40, 42, 43, 44, 46, 47, 48, 52, 56 => 12
<1> 2, 5, 21, 37, 42, 43, 44, 47, 48, 51, 52, 56 => 14, 18, 28
<1> 2, 5, 21, 26, 28, 39, 40, 42, 43, 44, 46, 47, 48, 52, 56 => 12
<1> 2, 5, 21, 26, 28, 33, 37, 40, 43, 44, 46, 47, 48 => 14, 39
<1> 2, 5, 19, 28, 33, 37, 40, 43, 44, 48 => 14
<1> 2, 5, 19, 28, 33, 37, 39, 40, 43, 44, 52 => 14
<1> 2, 5, 14, 27, 33, 37, 43, 44, 47, 48, 52, 56 => 19
<1> 2, 5, 14, 26, 28, 37, 40, 43, 44, 46, 47, 48, 56 => 22
<1> 2, 5, 14, 26, 28, 33, 37, 39, 40, 41, 42, 43, 44, 46, 47, 48 => 22
<1> 2, 5, 14, 26, 28, 33, 36, 37, 40, 42, 43, 44, 46, 47, 48 => 24, 41
<1> 2, 5, 14, 26, 27, 33, 37, 42, 43, 44, 45, 46, 47, 48, 56 => 24
<1> 2, 5, 14, 23, 26, 28, 33, 37, 40, 42, 43, 44, 46, 47, 48 => 39
<1> 2, 5, 13, 28, 40, 43, 44, 47, 48, 52, 56 => 20, 51
<1> 2, 5, 13, 26, 28, 37, 39, 40, 42, 43, 44, 46, 47, 48, 56 => 21
<1> 2, 5, 13, 25, 26, 28, 37, 40, 43, 44, 47, 48 => 35, 36, 39
<1> 2, 5, 13, 23, 26, 27, 40, 42, 43, 44, 46, 47, 48 => 41
<1> 2, 5, 12, 40, 41, 42, 43, 44, 48, 52 => 20, 27, 33, 37
<1> 2, 5, 12, 33, 37, 40, 42, 43, 44, 48, 52 => 20, 27, 41
<1> 2, 5, 12, 28, 37, 40, 42, 43, 44, 48, 52, 56 => 20
<1> 2, 5, 12, 26, 28, 39, 40, 41, 42, 43, 44, 46, 47, 48, 56 => 22
<1> 2, 5, 12, 26, 28, 37, 39, 40, 42, 43, 44, 46, 47, 48 => 24
<1> 2, 5, 12, 26, 27, 37, 40, 42, 43, 44, 46, 47, 48, 52, 56 => 22
<1> 2, 5, 12, 25, 26, 42, 43, 44, 46, 47, 48, 52, 56 => 27, 33, 37
<1> 2, 5, 12, 24, 26, 28, 39, 40, 42, 43, 44, 46, 47, 48 => 37
<1> 2, 5, 12, 24, 26, 28, 37, 40, 42, 43, 44, 46, 47, 48 => 39
<1> 2, 5, 12, 19, 37, 40, 42, 43, 44, 48, 52, 56 => 27
<1> 2, 5, 11, 26, 28, 33, 37, 38, 39, 40, 43, 44, 46, 47, 48 => 23
<1> 2, 5, 11, 24, 26, 28, 39, 40, 42, 43, 44, 46, 47, 48, 52, 56 => 41
<1> 2, 4, 33, 37, 44, 46, 47, 48, 49, 50, 51, 52, 54, 55, 56 => 13, 19, 27, 45, 53
<1> 2, 4, 33, 37, 44, 45, 46, 47, 48, 50, 51, 52, 53, 54, 55, 56 => 13, 19, 27, 49
<1> 2, 4, 33, 37, 41, 42, 43, 44, 47, 48, 50, 51, 52, 55, 56 => 14, 23, 26, 29, 45, 46, 54
<1> 2, 4, 28, 37, 40, 43, 44, 46, 47, 48, 50, 51, 52, 55, 56 => 13, 20
<1> 2, 4, 28, 37, 39, 40, 41, 42, 43, 44, 48, 51, 52, 55, 56 => 12, 19
<1> 2, 4, 27, 33, 37, 44, 45, 46, 47, 48, 50, 51, 52, 54, 55, 56 => 13, 19, 49, 53
<1> 2, 4, 26, 28, 37, 39, 40, 41, 42, 43, 44, 46, 47, 48, 51, 52, 56 => 12, 25
<1> 2, 4, 26, 28, 33, 37, 40, 43, 44, 45, 46, 47, 48, 51, 52, 55, 56 => 14, 23, 42
<1> 2, 4, 25, 26, 42, 43, 44, 45, 46, 47, 48, 51, 52, 54, 55, 56 => 12, 28, 39, 40
<1> 2, 4, 25, 26, 33, 37, 42, 43, 44, 45, 46, 47, 48, 51, 52, 55, 56 => 14, 27
<1> 2, 4, 24, 26, 28, 40, 42, 43, 44, 45, 46, 47, 48, 51, 52, 55, 56 => 12, 39
<1> 2, 4, 24, 26, 28, 37, 40, 43, 44, 45, 46, 47, 48, 51, 52, 55, 56 => 13
<1> 2, 4, 24, 26, 28, 33, 37, 40, 42, 43, 44, 46, 47, 48, 52, 55, 56 => 14
<1> 2, 4, 24, 26, 28, 33, 37, 39, 40, 43, 44, 46, 47, 48, 52, 55, 56 => 12
<1> 2, 4, 24, 26, 28, 33, 37, 39, 40, 42, 43, 44, 46, 47, 48, 52, 56 => 11
<1> 2, 4, 22, 26, 40, 42, 43, 44, 45, 46, 47, 48, 51, 52, 55, 56 => 12, 28, 39
<1> 2, 4, 22, 26, 28, 33, 37, 40, 42, 43, 44, 46, 47, 48, 51, 52, 55, 56 => 14
<1> 2, 4, 22, 26, 27, 33, 37, 40, 42, 43, 44, 46, 47, 48, 51, 52, 55, 56 => 11
<1> 2, 4, 21, 26, 40, 43, 44, 45, 46, 47, 48, 51, 52, 55, 56 => 12, 28, 41, 42
<1> 2, 4, 21, 26, 28, 33, 37, 40, 41, 42, 43, 44, 46, 47, 48, 51, 52, 55, 56 => 14
<1> 2, 4, 21, 26, 27, 33, 37, 40, 41, 42, 43, 44, 46, 47, 48, 51, 52, 55, 56 => 11
<1> 2, 4, 20, 28, 37, 39, 40, 43, 44, 47, 48, 51, 52, 55, 56 => 13
<1> 2, 4, 20, 28, 33, 37, 39, 40, 42, 43, 44, 47, 48, 51, 52, 56 => 11, 41
<1> 2, 4, 20, 27, 37, 40, 43, 44, 48, 50, 51, 52, 55, 56 => 12
<1> 2, 4, 19, 33, 37, 44, 46, 47, 48, 50, 51, 52, 54, 55, 56 => 13, 27, 45, 49, 53
<1> 2, 4, 19, 28, 33, 37, 40, 41, 42, 43, 44, 47, 48, 51, 52, 55, 56 => 13
<1> 2, 4, 19, 28, 33, 37, 39, 40, 42, 43, 44, 47, 48, 51, 52, 55, 56 => 11
<1> 2, 4, 14, 27, 33, 37, 42, 43, 44, 46, 47, 48, 50, 51, 52, 54, 55, 56 => 18, 21
<1> 2, 4, 14, 26, 28, 33, 37, 40, 41, 42, 43, 44, 46, 47, 48, 51, 52, 55, 56 => 21
<1> 2, 4, 14, 26, 27, 33, 37, 41, 42, 43, 44, 46, 47, 48, 51, 52, 55, 56 => 23, 45
<1> 2, 4, 14, 26, 27, 32, 33, 36, 37, 40, 42, 43, 44, 46, 47, 48, 51, 52, 55, 56 => 25
<1> 2, 4, 14, 24, 26, 33, 37, 42, 43, 44, 45, 46, 47, 48, 51, 52, 55, 56 => 29, 50, 54
<1> 2, 4, 14, 23, 26, 27, 33, 37, 42, 43, 44, 45, 46, 47, 48, 51, 52, 55, 56 => 41
<1> 2, 4, 14, 22, 26, 32, 33, 36, 37, 44, 45, 46, 47, 48, 51, 52, 55, 56 => 29, 50, 54
<1> 2, 4, 14, 21, 26, 28, 33, 37, 40, 42, 43, 44, 46, 47, 48, 51, 52, 55, 56 => 41
<1> 2, 4, 14, 21, 26, 27, 33, 37, 40, 42, 43, 44, 46, 47, 48, 51, 52, 55, 56 => 36
<1> 2, 4, 14, 19, 32, 33, 36, 37, 40, 42, 43, 44, 47, 48, 51, 52, 55, 56 => 27
<1> 2, 4, 14, 19, 28, 33, 37, 40, 42, 43, 44, 47, 48, 51, 52, 55, 56 => 50
<1> 2, 4, 14, 19, 27, 33, 37, 40, 42, 43, 44, 47, 48, 51, 52, 55, 56 => 32, 36
<1> 2, 4, 13, 44, 46, 47, 48, 51, 52, 54, 55, 56 => 19, 27, 33, 37, 45, 49, 50, 53
<1> 2, 4, 13, 26, 28, 33, 37, 40, 41, 42, 43, 44, 46, 47, 48, 51, 52, 55, 56 => 25
<1> 2, 4, 13, 26, 28, 33, 37, 39, 40, 42, 43, 44, 46, 47, 48, 51, 52, 55, 56 => 21
<1> 2, 4, 13, 25, 26, 28, 33, 37, 40, 42, 43, 44, 46, 47, 48, 51, 52, 55, 56 => 41
<1> 2, 4, 13, 24, 26, 28, 37, 40, 42, 43, 44, 46, 47, 48, 51, 52, 55, 56 => 39
<1> 2, 4, 13, 19, 28, 33, 37, 40, 42, 43, 44, 47, 48, 51, 52, 55, 56 => 41
<1> 2, 4, 12, 37, 40, 43, 44, 48, 50, 51, 52, 55, 56 => 20, 27
<1> 2, 4, 12, 28, 39, 40, 42, 43, 44, 46, 47, 48, 50, 51, 52, 54, 55, 56 => 19
<1> 2, 4, 12, 27, 37, 40, 42, 43, 44, 51, 52, 56 => 18, 21, 41
<1> 2, 4, 12, 26, 28, 39, 40, 42, 43, 44, 45, 46, 47, 48, 51, 52, 54, 55, 56 => 25
<1> 2, 4, 12, 26, 28, 37, 39, 40, 43, 44, 46, 47, 48, 52, 55, 56 => 24, 33
<1> 2, 4, 12, 26, 28, 33, 37, 40, 43, 44, 46, 47, 48, 52, 55, 56 => 24, 39
<1> 2, 4, 12, 26, 28, 33, 37, 39, 40, 43, 44, 46, 47, 48, 52, 56 => 24, 55
<1> 2, 4, 12, 26, 27, 40, 43, 44, 45, 46, 47, 48, 51, 52, 55, 56 => 24
<1> 2, 4, 12, 26, 27, 37, 40, 43, 44, 46, 47, 48, 51, 52, 55, 56 => 25
<1> 2, 4, 12, 25, 26, 37, 40, 43, 44, 46, 47, 48, 51, 52, 55, 56 => 27
<1> 2, 4, 12, 24, 26, 28, 39, 40, 42, 43, 44, 46, 47, 48, 51, 52, 55, 56 => 45
<1> 2, 4, 12, 24, 26, 27, 40, 43, 44, 46, 47, 48, 51, 52, 55, 56 => 45
<1> 2, 4, 12, 23, 26, 28, 40, 42, 43, 44, 45, 46, 47, 48, 51, 52, 55, 56 => 41
<1> 2, 4, 12, 20, 37, 40, 43, 44, 48, 51, 52, 55, 56 => 27, 50
<1> 2, 4, 11, 26, 40, 42, 43, 44, 45, 46, 47, 48, 51, 52, 55, 56 => 23, 28
<1> 2, 4, 11, 26, 28, 37, 39, 40, 43, 44, 46, 47, 48, 51, 52, 55, 56 => 25
<1> 2, 4, 11, 24, 26, 40, 43, 44, 46, 47, 48, 52, 55, 56 => 27, 51
<1> 1, 25, 26, 33, 37, 41, 42, 43, 44, 48 => 5, 8, 27, 40
<1> 1, 25, 26, 28, 33, 37, 38, 39, 40, 43, 44, 46, 47, 48, 52, 56 => 4, 11
<1> 1, 24, 26, 28, 32, 33, 36, 37, 38, 39, 40, 43, 44, 46, 47, 48, 52, 56 => 5, 9
<1> 1, 21, 26, 27, 31, 32, 33, 35, 36, 37, 40, 43, 44, 45, 46, 47, 48, 51, 52, 54, 55, 56 => 5, 9
<1> 1, 19, 33, 37, 41, 42, 43, 44, 52 => 5, 10, 28, 39, 40
<1> 1, 19, 32, 33, 36, 37, 44, 45, 46, 47, 48, 50, 51, 52, 54, 55, 56 => 4, 9, 29, 49, 53
<1> 1, 10, 28, 33, 37, 38, 39, 40, 44 => 5, 25, 26, 32, 36, 43, 46, 47, 48
<1> 1, 10, 26, 27, 33, 37, 42, 43, 44, 45, 46, 47, 48, 50, 51, 52, 54, 55, 56 => 5, 21
<1> 1, 10, 25, 26, 27, 33, 37, 43, 44, 46, 47, 48, 52, 56 => 4, 32, 36, 42, 51, 55
<1> 1, 10, 24, 26, 28, 33, 37, 39, 40, 42, 43, 44, 46, 47, 48 => 5
<1> 1, 10, 24, 26, 27, 33, 37, 40, 42, 43, 44, 46, 47, 48, 56 => 5
<1> 1, 10, 22, 26, 32, 33, 36, 37, 40, 44, 46, 47, 48, 52, 56 => 4, 28, 39, 41, 42, 43, 51, 55
<1> 1, 10, 22, 26, 28, 33, 37, 40, 43, 44, 46, 47, 48, 52, 56 => 4, 32, 36, 39, 41, 42, 51, 55
<1> 1, 10, 21, 26, 27, 32, 33, 36, 37, 40, 43, 44, 46, 47, 48, 52, 56 => 5
<1> 1, 10, 19, 27, 33, 37, 40, 42, 43, 44, 48, 52, 56 => 5
<1> 1, 9, 24, 26, 27, 32, 33, 36, 37, 40, 42, 43, 44, 45, 46, 47, 48, 52, 55, 56 => 5
<1> 1, 9, 23, 26, 31, 32, 33, 35, 36, 37, 43, 44, 45, 46, 47, 48, 52, 55, 56 => 5, 28, 39, 40
<1> 1, 9, 20, 32, 33, 36, 37, 44, 45, 46, 47, 48, 49, 50, 51, 52, 53, 54, 55, 56 => 5, 29
<1> 1, 9, 20, 28, 32, 33, 36, 37, 40, 41, 42, 43, 44, 48, 51, 52, 56 => 5
<1> 1, 9, 20, 27, 32, 33, 36, 37, 40, 42, 43, 44, 48, 51, 52, 56 => 5
<1> 1, 9, 18, 28, 33, 37, 39, 40, 43, 44, 46, 47, 48, 52, 56 => 5, 21
<1> 1, 9, 18, 28, 32, 33, 36, 37, 40, 43, 44, 46, 47, 48, 52, 56 => 4, 25, 45, 50, 51, 54, 55
<1> 1, 9, 18, 21, 28, 33, 37, 40, 43, 44, 46, 47, 48, 52, 56 => 5, 39
<1> 1, 8, 24, 26, 32, 33, 36, 37, 40, 44, 46, 47, 48, 52, 56 => 5, 28, 39
<1> 1, 8, 23, 26, 28, 32, 33, 36, 37, 39, 40, 43, 44, 45, 46, 47, 48, 52, 56 => 5
<1> 1, 8, 22, 26, 28, 31, 32, 33, 35, 36, 37, 38, 39, 40, 42, 43, 44, 45, 46, 47, 48, 52, 55, 56 => 5
<1> 1, 5, 33, 37, 41, 42, 43, 44, 48, 51, 52, 56 => 9, 20, 28, 32, 36, 40
<1> 1, 5, 27, 32, 33, 36, 37, 42, 43, 44, 46, 47, 48, 50, 51, 52, 54, 55, 56 => 8, 19
<1> 1, 5, 26, 27, 32, 33, 36, 37, 41, 42, 43, 44, 46, 47, 48, 52, 56 => 8, 23
<1> 1, 5, 25, 26, 28, 32, 33, 36, 37, 38, 39, 40, 43, 44, 46, 47, 48 => 10
<1> 1, 5, 25, 26, 27, 33, 37, 40, 43, 44, 45, 46, 47, 48, 51, 52, 55, 56 => 11
<1> 1, 5, 24, 26, 28, 33, 36, 37, 41, 42, 43, 44, 46, 47, 48, 52, 56 => 8
<1> 1, 5, 22, 26, 27, 33, 36, 37, 40, 43, 44, 46, 47, 48 => 11, 42
<1> 1, 5, 21, 28, 37, 40, 43, 44, 48, 51, 52, 56 => 10, 18, 42
<1> 1, 5, 21, 26, 28, 32, 33, 36, 37, 38, 39, 40, 44, 46, 47, 48, 52, 56 => 9
<1> 1, 5, 21, 26, 27, 33, 37, 40, 42, 43, 44, 45, 46, 47, 48, 52, 55, 56 => 11
<1> 1, 5, 20, 32, 33, 36, 37, 44, 46, 47, 48, 50, 51, 52, 54, 55, 56 => 9, 29, 45, 49, 53
<1> 1, 5, 20, 27, 32, 33, 36, 37, 43, 44, 47, 48, 51, 52, 55, 56 => 8
<1> 1, 5, 19, 28, 33, 37, 40, 43, 44, 48, 51, 52, 56 => 9
<1> 1, 5, 19, 28, 33, 37, 40, 42, 43, 44, 51, 52, 56 => 10
<1> 1, 5, 19, 28, 33, 37, 39, 40, 42, 43, 44, 48, 52 => 10
<1> 1, 5, 11, 28, 37, 40, 42, 43, 44, 48, 52, 56 => 20, 39
<1> 1, 5, 11, 26, 28, 40, 42, 43, 44, 46, 47, 48, 52, 56 => 23, 41
<1> 1, 5, 11, 26, 28, 33, 37, 40, 42, 43, 44, 46, 47, 48, 56 => 22
<1> 1, 5, 11, 22, 26, 27, 33, 37, 40, 42, 43, 44, 46, 47, 48 => 36
<1> 1, 5, 10, 28, 37, 40, 42, 43, 44, 48, 51, 52, 56 => 18, 21
<1> 1, 5, 10, 28, 33, 37, 40, 43, 44, 48, 51, 52, 56 => 20, 39
<1> 1, 5, 10, 28, 33, 37, 40, 41, 42, 43, 44, 52 => 19, 39
<1> 1, 5, 10, 26, 32, 33, 36, 37, 40, 43, 44, 46, 47, 48, 52, 56 => 21, 27
<1> 1, 5, 10, 26, 28, 33, 37, 42, 43, 44, 45, 46, 47, 48, 52, 56 => 23
<1> 1, 5, 10, 26, 28, 33, 37, 39, 40, 42, 43, 44, 46, 47, 48 => 24
<1> 1, 5, 10, 26, 28, 32, 33, 36, 37, 39, 40, 44, 46, 47, 48, 52, 56 => 24
<1> 1, 5, 10, 26, 28, 32, 33, 36, 37, 39, 40, 43, 44, 46, 47, 48 => 25, 38
<1> 1, 5, 10, 23, 26, 28, 33, 37, 42, 43, 44, 46, 47, 48, 52, 56 => 45
<1> 1, 5, 10, 21, 37, 40, 42, 43, 44, 48, 51, 52, 56 => 18, 28
<1> 1, 5, 10, 20, 33, 37, 40, 42, 43, 44, 48, 52, 56 => 27
<1> 1, 5, 9, 32, 33, 36, 37, 44, 45, 46, 47, 48, 50, 51, 52, 54, 55, 56 => 20, 29, 49, 53
<1> 1, 5, 9, 28, 32, 33, 36, 37, 38, 39, 40, 43, 44, 48, 52, 55, 56 => 20, 51
<1> 1, 5, 9, 26, 28, 32, 33, 36, 37, 39, 40, 42, 43, 44, 45, 46, 47, 48, 52, 56 => 23, 41
<1> 1, 5, 9, 26, 28, 32, 33, 36, 37, 38, 39, 40, 43, 44, 46, 47, 48, 52, 56 => 24
<1> 1, 5, 9, 22, 26, 28, 32, 33, 36, 37, 39, 40, 42, 43, 44, 46, 47, 48, 52, 56 => 41
<1> 1, 5, 9, 20, 28, 32, 33, 36, 37, 40, 42, 43, 44, 48, 51, 52, 56 => 41
<1> 1, 5, 8, 27, 32, 33, 36, 37, 40, 43, 44, 48, 51, 52, 56 => 19
<1> 1, 5, 8, 26, 33, 37, 40, 41, 42, 43, 44, 48 => 25, 27
<1> 1, 5, 8, 24, 26, 28, 33, 36, 37, 43, 44, 46, 47, 48, 52, 56 => 41, 42
<1> 1, 4, 26, 29, 31, 32, 33, 35, 36, 37, 43, 44, 45, 46, 47, 48, 50, 51, 52, 53, 54, 55, 56 => 8, 24
<1> 1, 4, 26, 27, 39, 40, 42, 43, 44, 45, 46, 47, 48, 51, 52, 55, 56 => 11, 24
<1> 1, 4, 24, 26, 28, 37, 38, 39, 40, 43, 44, 46, 47, 48, 52, 55, 56 => 11
<1> 1, 4, 24, 26, 27, 32, 33, 36, 37, 43, 44, 45, 46, 47, 48, 50, 51, 52, 54, 55, 56 => 8, 31, 35
<1> 1, 4, 24, 26, 27, 32, 33, 36, 37, 42, 43, 44, 46, 47, 48, 51, 52, 55, 56 => 10, 41
<1> 1, 4, 23, 26, 28, 33, 37, 39, 40, 42, 43, 44, 46, 47, 48, 52, 55, 56 => 11
<1> 1, 4, 23, 26, 28, 33, 36, 37, 40, 42, 43, 44, 45, 46, 47, 48, 51, 52, 55, 56 => 10
<1> 1, 4, 22, 26, 28, 40, 42, 43, 44, 45, 46, 47, 48, 51, 52, 55, 56 => 10, 41
<1> 1, 4, 22, 26, 28, 32, 33, 36, 37, 39, 40, 42, 43, 44, 46, 47, 48, 51, 52, 55, 56 => 10, 41
<1> 1, 4, 21, 26, 31, 32, 33, 35, 36, 37, 40, 43, 44, 45, 46, 47, 48, 50, 51, 52, 54, 55, 56 => 8, 28, 38, 39, 42
<1> 1, 4, 21, 26, 27, 33, 36, 37, 40, 42, 43, 44, 46, 47, 48, 51, 52, 55, 56 => 10
<1> 1, 4, 21, 26, 27, 32, 33, 36, 37, 40, 43, 44, 45, 46, 47, 48, 50, 51, 52, 54, 55, 56 => 8
<1> 1, 4, 11, 28, 33, 37, 39, 40, 42, 43, 44, 47, 48, 51, 52, 56 => 19
<1> 1, 4, 11, 26, 39, 40, 42, 43, 44, 46, 47, 48, 51, 52, 55, 56 => 24, 27, 45
<1> 1, 4, 11, 26, 28, 37, 38, 39, 40, 43, 44, 46, 47, 48, 52, 55, 56 => 24
<1> 1, 4, 11, 26, 28, 33, 37, 40, 42, 43, 44, 45, 46, 47, 48, 51, 52, 55, 56 => 21
<1> 1, 4, 11, 26, 28, 33, 37, 39, 40, 42, 43, 44, 46, 47, 48, 52, 55, 56 => 23
<1> 1, 4, 11, 26, 28, 33, 37, 38, 39, 40, 43, 44, 46, 47, 48, 52, 56 => 25
<1> 1, 4, 11, 26, 27, 33, 37, 40, 42, 43, 44, 45, 46, 47, 48, 51, 52, 55, 56 => 24
<1> 1, 4, 11, 25, 26, 28, 33, 37, 39, 40, 43, 44, 46, 47, 48, 52, 56 => 38
<1> 1, 4, 11, 24, 26, 28, 37, 39, 40, 43, 44, 46, 47, 48, 52, 55, 56 => 38
<1> 1, 4, 11, 22, 26, 28, 33, 37, 40, 43, 44, 46, 47, 48, 51, 52, 55, 56 => 39
<1> 1, 4, 10, 28, 37, 40, 42, 43, 44, 47, 48, 50, 51, 52, 55, 56 => 18, 21
<1> 1, 4, 10, 28, 33, 37, 42, 43, 44, 48, 50, 51, 52, 55, 56 => 20
<1> 1, 4, 10, 28, 33, 37, 40, 43, 44, 47, 48, 50, 51, 52, 55, 56 => 19
<1> 1, 4, 10, 27, 32, 33, 36, 37, 40, 42, 43, 44, 46, 47, 48, 50, 51, 52, 54, 55, 56 => 20, 41
<1> 1, 4, 10, 26, 28, 32, 33, 36, 37, 40, 42, 43, 44, 45, 46, 47, 48, 51, 52, 55, 56 => 21
<1> 1, 4, 10, 26, 28, 32, 33, 36, 37, 39, 40, 43, 44, 45, 46, 47, 48, 51, 52, 55, 56 => 24
<1> 1, 4, 10, 26, 28, 32, 33, 36, 37, 39, 40, 42, 43, 44, 46, 47, 48, 51, 52, 55, 56 => 22, 41
<1> 1, 4, 10, 26, 27, 33, 37, 40, 42, 43, 44, 45, 46, 47, 48, 51, 52, 55, 56 => 22
<1> 1, 4, 10, 26, 27, 32, 33, 36, 37, 41, 42, 43, 44, 46, 47, 48, 51, 52, 55, 56 => 24
<1> 1, 4, 10, 24, 26, 32, 33, 36, 37, 41, 42, 43, 44, 46, 47, 48, 51, 52, 55, 56 => 27
<1> 1, 4, 10, 24, 26, 28, 32, 33, 36, 37, 40, 43, 44, 45, 46, 47, 48, 51, 52, 55, 56 => 39
<1> 1, 4, 9, 29, 32, 33, 36, 37, 44, 45, 46, 47, 48, 49, 50, 51, 52, 53, 54, 55, 56 => 19
<1> 1, 4, 9, 28, 31, 32, 33, 35, 36, 37, 39, 40, 42, 43, 44, 47, 48, 50, 51, 52, 54, 55, 56 => 20
<1> 1, 4, 9, 27, 32, 33, 36, 37, 40, 42, 43, 44, 46, 47, 48, 50, 51, 52, 54, 55, 56 => 19, 31, 35, 49
<1> 1, 4, 9, 26, 28, 32, 33, 36, 37, 39, 40, 41, 42, 43, 44, 45, 46, 47, 48, 50, 51, 52, 54, 55, 56 => 24
<1> 1, 4, 9, 26, 27, 32, 33, 36, 37, 40, 42, 43, 44, 45, 46, 47, 48, 51, 52, 54, 55, 56 => 22
<1> 1, 4, 9, 25, 28, 32, 33, 36, 37, 40, 43, 44, 45, 46, 47, 48, 50, 51, 52, 54, 55, 56 => 18
<1> 1, 4, 9, 24, 26, 28, 32, 33, 36, 37, 39, 40, 42, 43, 44, 45, 46, 47, 48, 50, 51, 52, 54, 55, 56 => 41
<1> 1, 4, 8, 27, 31, 32, 33, 35, 36, 37, 39, 40, 42, 43, 44, 45, 46, 47, 48, 49, 50, 51, 52, 53, 54, 55, 56 => 20
<1> 1, 4, 8, 26, 28, 31, 32, 33, 35, 36, 37, 38, 39, 40, 42, 43, 44, 45, 46, 47, 48, 50, 51, 52, 54, 55, 56 => 21
<1> 1, 4, 8, 26, 27, 31, 32, 33, 35, 36, 37, 40, 42, 43, 44, 45, 46, 47, 48, 49, 50, 51, 52, 53, 54, 55, 56 => 23
<1> 1, 4, 8, 24, 26, 31, 32, 33, 35, 36, 37, 43, 44, 45, 46, 47, 48, 50, 51, 52, 53, 54, 55, 56 => 29
<1> 0, 29, 32, 33, 36, 37, 39, 40, 43, 44, 45, 46, 47, 48, 50, 51, 52, 54, 55, 56 => 4, 8, 24, 26, 38, 49, 53
<1> 0, 29, 31, 32, 33, 34, 35, 36, 37, 40, 43, 44, 45, 46, 47, 48, 50, 51, 52, 54, 55, 56 => 5, 7, 19
<1> 0, 29, 30, 31, 32, 33, 34, 35, 36, 37, 44, 45, 46, 47, 48, 50, 51, 52, 54, 55, 56 => 4, 6, 23, 26, 43, 49, 53
<1> 0, 28, 31, 32, 33, 34, 35, 36, 37, 38, 39, 40, 44, 45, 46, 47, 48, 50, 51, 52, 54, 55, 56 => 4, 8, 24, 26, 30, 43, 53
<1> 0, 28, 30, 31, 32, 33, 35, 36, 37, 38, 39, 40, 44, 45, 46, 47, 48, 50, 51, 52, 54, 55, 56 => 4, 8, 24, 26, 34, 43, 53
<1> 0, 24, 26, 27, 31, 32, 33, 34, 35, 36, 37, 40, 44, 45, 46, 47, 48, 51, 52, 54, 55, 56 => 5, 17, 50
<1> 0, 22, 26, 33, 37, 41, 42, 43, 44, 46, 47, 48, 52, 56 => 4, 7, 27, 30, 31, 32, 35, 36, 45, 49, 50, 51, 53, 54, 55
<1> 0, 21, 28, 31, 32, 33, 35, 36, 37, 38, 39, 40, 44, 45, 46, 47, 48, 50, 51, 52, 54, 55, 56 => 5, 6, 18
<1> 0, 21, 26, 31, 32, 33, 35, 36, 37, 41, 42, 43, 44, 45, 46, 47, 48, 49, 50, 51, 52, 53, 54, 55, 56 => 5, 17, 27
<1> 0, 21, 26, 30, 31, 32, 33, 35, 36, 37, 41, 42, 43, 44, 45, 46, 47, 48, 50, 51, 52, 54, 55, 56 => 5, 6, 27
<1> 0, 21, 26, 27, 31, 32, 33, 35, 36, 37, 42, 43, 44, 45, 46, 47, 48, 49, 50, 51, 52, 53, 54, 55, 56 => 5, 17, 41
<1> 0, 20, 27, 31, 32, 33, 35, 36, 37, 39, 40, 43, 44, 45, 46, 47, 48, 50, 51, 52, 54, 55, 56 => 5, 7
<1> 0, 19, 32, 33, 36, 37, 41, 42, 43, 44, 52 => 5, 8, 27, 40
<1> 0, 19, 29, 32, 33, 36, 37, 44, 45, 46, 47, 48, 50, 51, 52, 54, 55, 56 => 5, 7, 31, 34, 35, 40, 43
<1> 0, 17, 30, 31, 32, 33, 35, 36, 37, 44, 45, 46, 47, 48, 50, 51, 52, 54, 55, 56 => 5, 21, 26, 27, 34, 39, 40, 42, 43
<1> 0, 17, 18, 27, 31, 32, 33, 35, 36, 37, 40, 42, 43, 44, 45, 46, 47, 48, 49, 50, 51, 52, 53, 54, 55, 56 => 5, 22
<1> 0, 8, 30, 31, 32, 33, 35, 36, 37, 44, 45, 46, 47, 48, 51, 52, 54, 55, 56 => 4, 24, 26, 28, 34, 38, 39, 40, 43, 50, 53
<1> 0, 8, 24, 26, 28, 33, 36, 37, 39, 40, 42, 43, 44, 46, 47, 48, 52, 56 => 5
<1> 0, 8, 20, 27, 32, 33, 36, 37, 43, 44, 48, 51, 52, 56 => 5, 42
<1> 0, 7, 29, 32, 33, 36, 37, 44, 45, 46, 47, 48, 50, 51, 52, 54, 55, 56 => 5, 19, 31, 34, 35, 40, 43
<1> 0, 7, 25, 26, 27, 31, 32, 33, 35, 36, 37, 39, 40, 42, 43, 44, 45, 46, 47, 48, 51, 52, 55, 56 => 5, 41
<1> 0, 7, 22, 26, 27, 31, 32, 33, 35, 36, 37, 40, 42, 43, 44, 45, 46, 47, 48, 51, 52, 55, 56 => 5, 39
<1> 0, 7, 21, 31, 32, 33, 34, 35, 36, 37, 40, 43, 44, 45, 46, 47, 48, 51, 52, 54, 55, 56 => 5, 26, 28, 39, 42
<1> 0, 7, 20, 28, 30, 31, 32, 33, 34, 35, 36, 37, 39, 40, 44, 45, 46, 47, 48, 50, 51, 52, 53, 54, 55, 56 => 5
<1> 0, 7, 19, 31, 32, 33, 34, 35, 36, 37, 40, 43, 44, 45, 46, 47, 48, 50, 51, 52, 54, 55, 56 => 5, 29
<1> 0, 6, 29, 31, 32, 33, 34, 35, 36, 37, 44, 45, 46, 47, 48, 50, 51, 52, 54, 55, 56 => 4, 23, 26, 30, 43, 49, 53
<1> 0, 6, 26, 31, 32, 33, 35, 36, 37, 39, 40, 41, 42, 43, 44, 45, 46, 47, 48, 51, 52, 55, 56 => 4, 24, 28, 30, 50, 53, 54
<1> 0, 6, 24, 26, 27, 31, 32, 33, 35, 36, 37, 40, 42, 43, 44, 45, 46, 47, 48, 51, 52, 54, 55, 56 => 4, 39, 50
<1> 0, 6, 23, 26, 27, 30, 31, 32, 33, 34, 35, 36, 37, 39, 40, 42, 43, 44, 45, 46, 47, 48, 50, 51, 52, 54, 55, 56 => 5
<1> 0, 6, 20, 30, 31, 32, 33, 34, 35, 36, 37, 42, 43, 44, 45, 46, 47, 48, 50, 51, 52, 54, 55, 56 => 5, 27
<1> 0, 6, 20, 27, 31, 32, 33, 35, 36, 37, 40, 43, 44, 45, 46, 47, 48, 50, 51, 52, 54, 55, 56 => 4, 49, 53
<1> 0, 6, 20, 27, 30, 31, 32, 33, 35, 36, 37, 43, 44, 45, 46, 47, 48, 50, 51, 52, 54, 55, 56 => 5, 34, 42
<1> 0, 5, 31, 32, 33, 34, 35, 36, 37, 40, 44, 45, 46, 47, 48, 50, 51, 52, 53, 54, 55, 56 => 7, 20, 28, 30, 39
<1> 0, 5, 30, 31, 32, 33, 34, 35, 36, 37, 44, 45, 46, 47, 48, 49, 50, 51, 52, 53, 54, 55, 56 => 6, 19, 27, 43
<1> 0, 5, 26, 28, 33, 37, 40, 41, 42, 43, 44, 46, 47, 48, 52, 56 => 8, 23, 39
<1> 0, 5, 26, 28, 31, 32, 33, 34, 35, 36, 37, 39, 40, 42, 43, 44, 45, 46, 47, 48, 51, 52, 54, 55, 56 => 7, 21
<1> 0, 5, 25, 26, 27, 31, 32, 33, 35, 36, 37, 40, 42, 43, 44, 45, 46, 47, 48, 50, 51, 52, 54, 55, 56 => 17
<1> 0, 5, 24, 26, 31, 32, 33, 35, 36, 37, 40, 44, 45, 46, 47, 48, 50, 51, 52, 54, 55, 56 => 17, 27, 34
<1> 0, 5, 24, 26, 27, 31, 32, 33, 35, 36, 37, 40, 41, 42, 43, 44, 45, 46, 47, 48, 51, 52, 54, 55, 56 => 7
<1> 0, 5, 22, 26, 27, 31, 32, 33, 35, 36, 37, 40, 42, 43, 44, 45, 46, 47, 48, 51, 52, 55, 56 => 7, 39
<1> 0, 5, 21, 26, 27, 31, 32, 33, 35, 36, 37, 40, 41, 42, 43, 44, 45, 46, 47, 48, 50, 51, 52, 54, 55, 56 => 6
<1> 0, 5, 21, 26, 27, 30, 31, 32, 33, 34, 35, 36, 37, 39, 40, 42, 43, 44, 45, 46, 47, 48, 50, 51, 52, 54, 55, 56 => 17
<1> 0, 5, 17, 28, 31, 32, 33, 35, 36, 37, 39, 40, 44, 45, 46, 47, 48, 50, 51, 52, 53, 54, 55, 56 => 19
<1> 0, 5, 17, 28, 31, 32, 33, 35, 36, 37, 39, 40, 42, 43, 44, 45, 46, 47, 48, 50, 51, 52, 54, 55, 56 => 20, 49
<1> 0, 5, 17, 26, 31, 32, 33, 34, 35, 36, 37, 44, 45, 46, 47, 48, 49, 50, 51, 52, 53, 54, 55, 56 => 23, 29
<1> 0, 5, 17, 26, 27, 31, 32, 33, 35, 36, 37, 42, 43, 44, 45, 46, 47, 48, 49, 50, 51, 52, 53, 54, 55, 56 => 21, 41
<1> 0, 5, 17, 23, 26, 31, 32, 33, 35, 36, 37, 44, 45, 46, 47, 48, 50, 51, 52, 54, 55, 56 => 29, 34, 49, 53
<1> 0, 5, 17, 22, 27, 31, 32, 33, 35, 36, 37, 40, 42, 43, 44, 45, 46, 47, 48, 49, 50, 51, 52, 53, 54, 55, 56 => 18
<1> 0, 5, 17, 21, 26, 27, 31, 32, 33, 35, 36, 37, 41, 42, 43, 44, 45, 46, 47, 48, 50, 51, 52, 54, 55, 56 => 49, 53
<1> 0, 5, 8, 31, 32, 33, 35, 36, 37, 40, 44, 46, 47, 48, 50, 51, 52, 54, 55, 56 => 20, 28, 39
<1> 0, 5, 8, 28, 31, 32, 33, 35, 36, 37, 38, 39, 40, 43, 44, 46, 47, 48, 51, 52, 55, 56 => 19
<1> 0, 5, 8, 27, 32, 33, 36, 37, 40, 41, 42, 43, 44, 52 => 19
<1> 0, 5, 8, 26, 33, 37, 40, 41, 42, 43, 44, 46, 47, 48, 52, 56 => 23, 28, 39
<1> 0, 5, 8, 26, 28, 31, 32, 33, 35, 36, 37, 39, 40, 43, 44, 45, 46, 47, 48, 51, 52, 54, 55, 56 => 21
<1> 0, 5, 8, 24, 26, 28, 33, 36, 37, 39, 40, 43, 44, 46, 47, 48, 52, 56 => 42
<1> 0, 5, 8, 23, 26, 28, 33, 37, 39, 40, 43, 44, 46, 47, 48, 52, 56 => 41, 42
<1> 0, 5, 7, 31, 32, 33, 35, 36, 37, 44, 45, 46, 47, 48, 50, 51, 52, 53, 54, 55, 56 => 20, 28, 30, 34, 39, 40
<1> 0, 5, 7, 31, 32, 33, 34, 35, 36, 37, 40, 43, 44, 45, 46, 47, 48, 50, 51, 52, 54, 55, 56 => 19, 29
<1> 0, 5, 7, 28, 31, 32, 33, 35, 36, 37, 39, 40, 43, 44, 45, 46, 47, 48, 50, 51, 52, 54, 55, 56 => 18, 21
<1> 0, 5, 7, 27, 31, 32, 33, 35, 36, 37, 39, 40, 43, 44, 45, 46, 47, 48, 50, 51, 52, 54, 55, 56 => 20
<1> 0, 5, 7, 26, 28, 31, 32, 33, 35, 36, 37, 39, 40, 42, 43, 44, 45, 46, 47, 48, 51, 52, 54, 55, 56 => 21, 34
<1> 0, 5, 7, 26, 27, 31, 32, 33, 35, 36, 37, 40, 41, 42, 43, 44, 45, 46, 47, 48, 51, 52, 54, 55, 56 => 24
<1> 0, 5, 7, 25, 26, 27, 31, 32, 33, 35, 36, 37, 40, 42, 43, 44, 45, 46, 47, 48, 51, 52, 55, 56 => 39, 41
<1> 0, 5, 7, 24, 26, 31, 32, 33, 35, 36, 37, 40, 42, 43, 44, 45, 46, 47, 48, 51, 52, 54, 55, 56 => 27, 41
<1> 0, 5, 7, 21, 26, 28, 31, 32, 33, 35, 36, 37, 39, 40, 42, 43, 44, 45, 46, 47, 48, 51, 52, 55, 56 => 34, 54
<1> 0, 5, 7, 20, 28, 31, 32, 33, 35, 36, 37, 39, 40, 44, 45, 46, 47, 48, 50, 51, 52, 54, 55, 56 => 30, 34, 53
<1> 0, 5, 7, 20, 28, 31, 32, 33, 35, 36, 37, 39, 40, 43, 44, 45, 46, 47, 48, 51, 52, 54, 55, 56 => 42
<1> 0, 5, 7, 19, 31, 32, 33, 35, 36, 37, 40, 43, 44, 45, 46, 47, 48, 50, 51, 52, 54, 55, 56 => 29, 34
<1> 0, 5, 6, 31, 32, 33, 35, 36, 37, 44, 45, 46, 47, 48, 50, 51, 52, 53, 54, 55, 56 => 19, 27, 30, 34, 43, 49
<1> 0, 5, 6, 28, 31, 32, 33, 35, 36, 37, 38, 39, 40, 43, 44, 45, 46, 47, 48, 50, 51, 52, 54, 55, 56 => 20
<1> 0, 5, 6, 28, 30, 31, 32, 33, 34, 35, 36, 37, 39, 40, 42, 43, 44, 45, 46, 47, 48, 50, 51, 52, 54, 55, 56 => 19
<1> 0, 5, 6, 26, 28, 30, 31, 32, 33, 34, 35, 36, 37, 39, 40, 44, 45, 46, 47, 48, 50, 51, 52, 54, 55, 56 => 22
<1> 0, 5, 6, 26, 27, 30, 31, 32, 33, 34, 35, 36, 37, 39, 40, 42, 43, 44, 45, 46, 47, 48, 50, 51, 52, 54, 55, 56 => 23
<1> 0, 5, 6, 25, 26, 30, 31, 32, 33, 34, 35, 36, 37, 39, 40, 44, 45, 46, 47, 48, 51, 52, 54, 55, 56 => 27, 42, 43
<1> 0, 5, 6, 22, 26, 31, 32, 33, 35, 36, 37, 40, 44, 45, 46, 47, 48, 50, 51, 52, 54, 55, 56 => 28, 30, 34, 39
<1> 0, 5, 6, 22, 26, 28, 31, 32, 33, 35, 36, 37, 39, 40, 44, 45, 46, 47, 48, 51, 52, 55, 56 => 30, 34, 50, 54
<1> 0, 5, 6, 20, 31, 32, 33, 35, 36, 37, 42, 43, 44, 45, 46, 47, 48, 50, 51, 52, 54, 55, 56 => 27, 30, 34
<1> 0, 5, 6, 20, 27, 31, 32, 33, 35, 36, 37, 43, 44, 45, 46, 47, 48, 50, 51, 52, 54, 55, 56 => 30, 34, 42
<1> 0, 4, 28, 32, 33, 36, 37, 38, 39, 40, 45, 46, 47, 48, 49, 50, 51, 52, 53, 54, 55, 56 => 7, 19
<1> 0, 4, 26, 29, 32, 33, 36, 37, 40, 43, 44, 45, 46, 47, 48, 49, 50, 51, 52, 53, 54, 55, 56 => 8, 24, 38, 39
<1> 0, 4, 26, 28, 30, 31, 32, 33, 34, 35, 36, 37, 39, 40, 41, 42, 43, 44, 45, 46, 47, 48, 50, 51, 52, 53, 54, 55, 56 => 7, 25
<1> 0, 4, 26, 27, 32, 33, 36, 37, 40, 41, 42, 43, 44, 45, 46, 47, 48, 51, 52, 54, 55, 56 => 17, 24
<1> 0, 4, 26, 27, 31, 32, 33, 35, 36, 37, 41, 42, 43, 44, 45, 46, 47, 48, 50, 51, 52, 54, 55, 56 => 7, 22, 30, 49, 53
<1> 0, 4, 24, 26, 27, 31, 32, 33, 35, 36, 37, 40, 42, 43, 44, 45, 46, 47, 48, 50, 51, 52, 54, 55, 56 => 6, 39
<1> 0, 4, 23, 26, 28, 31, 32, 33, 35, 36, 37, 39, 40, 41, 42, 43, 44, 45, 46, 47, 48, 50, 51, 52, 54, 55, 56 => 7
<1> 0, 4, 23, 26, 27, 30, 31, 32, 33, 34, 35, 36, 37, 39, 40, 42, 43, 44, 45, 46, 47, 48, 50, 51, 52, 53, 54, 55, 56 => 7
<1> 0, 4, 22, 26, 28, 31, 32, 33, 35, 36, 37, 38, 39, 40, 43, 44, 45, 46, 47, 48, 50, 51, 52, 54, 55, 56 => 7
<1> 0, 4, 22, 26, 28, 30, 31, 32, 33, 34, 35, 36, 37, 40, 42, 43, 44, 45, 46, 47, 48, 49, 50, 51, 52, 53, 54, 55, 56 => 7, 39
<1> 0, 4, 21, 26, 28, 32, 33, 36, 37, 38, 39, 40, 45, 46, 47, 48, 50, 51, 52, 54, 55, 56 => 7
<1> 0, 4, 21, 26, 28, 31, 32, 33, 35, 36, 37, 40, 41, 42, 43, 44, 45, 46, 47, 48, 50, 51, 52, 54, 55, 56 => 7, 53
<1> 0, 4, 21, 26, 27, 32, 33, 36, 37, 43, 44, 45, 46, 47, 48, 49, 50, 51, 52, 53, 54, 55, 56 => 7
<1> 0, 4, 20, 27, 31, 32, 33, 35, 36, 37, 40, 43, 44, 45, 46, 47, 48, 49, 50, 51, 52, 53, 54, 55, 56 => 6
<1> 0, 4, 19, 28, 32, 33, 36, 37, 38, 39, 40, 45, 46, 47, 48, 50, 51, 52, 54, 55, 56 => 7, 49, 53
<1> 0, 4, 18, 21, 28, 31, 32, 33, 35, 36, 37, 39, 40, 43, 44, 45, 46, 47, 48, 49, 50, 51, 52, 53, 54, 55, 56 => 17
<1> 0, 4, 17, 28, 31, 32, 33, 35, 36, 37, 39, 40, 42, 43, 44, 45, 46, 47, 48, 49, 50, 51, 52, 53, 54, 55, 56 => 19
<1> 0, 4, 17, 26, 27, 31, 32, 33, 35, 36, 37, 40, 42, 43, 44, 45, 46, 47, 48, 50, 51, 52, 54, 55, 56 => 22, 49, 53
<1> 0, 4, 17, 24, 26, 27, 32, 33, 36, 37, 40, 42, 43, 44, 45, 46, 47, 48, 51, 52, 54, 55, 56 => 41
<1> 0, 4, 17, 23, 26, 31, 32, 33, 35, 36, 37, 40, 43, 44, 45, 46, 47, 48, 50, 51, 52, 54, 55, 56 => 28, 39
<1> 0, 4, 17, 21, 28, 31, 32, 33, 35, 36, 37, 39, 40, 43, 44, 45, 46, 47, 48, 50, 51, 52, 54, 55, 56 => 18, 49, 53
<1> 0, 4, 8, 27, 31, 32, 33, 35, 36, 37, 44, 45, 46, 47, 48, 49, 50, 51, 52, 53, 54, 55, 56 => 20
<1> 0, 4, 8, 24, 26, 32, 33, 36, 37, 38, 39, 40, 43, 44, 45, 46, 47, 48, 49, 50, 51, 52, 53, 54, 55, 56 => 29
<1> 0, 4, 8, 24, 26, 31, 32, 33, 35, 36, 37, 40, 43, 44, 45, 46, 47, 48, 50, 51, 52, 54, 55, 56 => 28, 30, 34, 38, 39, 53
<1> 0, 4, 7, 28, 32, 33, 36, 37, 38, 39, 40, 45, 46, 47, 48, 50, 51, 52, 53, 54, 55, 56 => 19, 49
<1> 0, 4, 7, 27, 31, 32, 33, 35, 36, 37, 40, 43, 44, 45, 46, 47, 48, 49, 50, 51, 52, 53, 54, 55, 56 => 18, 21
<1> 0, 4, 7, 27, 31, 32, 33, 35, 36, 37, 39, 40, 43, 44, 45, 46, 47, 48, 50, 51, 52, 54, 55, 56 => 23, 26, 30, 34, 42, 53
<1> 0, 4, 7, 26, 28, 31, 32, 33, 35, 36, 37, 38, 39, 40, 43, 44, 45, 46, 47, 48, 50, 51, 52, 54, 55, 56 => 22
<1> 0, 4, 7, 26, 27, 31, 32, 33, 35, 36, 37, 40, 44, 45, 46, 47, 48, 49, 50, 51, 52, 53, 54, 55, 56 => 25
<1> 0, 4, 7, 25, 26, 31, 32, 33, 35, 36, 37, 40, 44, 45, 46, 47, 48, 49, 50, 51, 52, 53, 54, 55, 56 => 27
<1> 0, 4, 7, 25, 26, 28, 30, 31, 32, 33, 34, 35, 36, 37, 39, 40, 42, 43, 44, 45, 46, 47, 48, 50, 51, 52, 53, 54, 55, 56 => 41
<1> 0, 4, 7, 24, 26, 28, 31, 32, 33, 35, 36, 37, 39, 40, 43, 44, 45, 46, 47, 48, 50, 51, 52, 54, 55, 56 => 30, 34, 53
<1> 0, 4, 7, 23, 26, 28, 31, 32, 33, 35, 36, 37, 39, 40, 42, 43, 44, 45, 46, 47, 48, 50, 51, 52, 54, 55, 56 => 41
<1> 0, 4, 7, 22, 26, 27, 30, 31, 32, 33, 35, 36, 37, 42, 43, 44, 45, 46, 47, 48, 49, 50, 51, 52, 53, 54, 55, 56 => 41
<1> 0, 4, 7, 21, 26, 28, 32, 33, 36, 37, 39, 40, 45, 46, 47, 48, 50, 51, 52, 54, 55, 56 => 38
<1> 0, 4, 7, 21, 26, 28, 31, 32, 33, 35, 36, 37, 40, 42, 43, 44, 45, 46, 47, 48, 50, 51, 52, 53, 54, 55, 56 => 41
<1> 0, 4, 6, 26, 27, 30, 31, 32, 33, 34, 35, 36, 37, 39, 40, 42, 43, 44, 45, 46, 47, 48, 49, 50, 51, 52, 53, 54, 55, 56 => 25
<1> 0, 4, 6, 20, 28, 30, 31, 32, 33, 35, 36, 37, 40, 42, 43, 44, 45, 46, 47, 48, 49, 50, 51, 52, 53, 54, 55, 56 => 41
<1> 0, 4, 6, 18, 21, 30, 31, 32, 33, 34, 35, 36, 37, 39, 40, 43, 44, 45, 46, 47, 48, 49, 50, 51, 52, 53, 54, 55, 56 => 27, 42
