<13> 37, 38, 39, 40, 51, 52, 56 => 32, 33, 36
<13> 33, 37, 38, 39, 40, 48, 52, 55, 56 => 32, 36
<13> 32, 33, 36, 37, 39, 40, 41, 42, 43, 44, 48 => 46, 47
<13> 27, 33, 37, 40, 41, 42, 43, 44, 47, 48, 52, 55, 56 => 51
<13> 27, 33, 36, 37, 40, 41, 42, 43, 44 => 32
<13> 27, 32, 33, 36, 37, 39, 40, 44, 46, 47, 48, 51, 52, 54, 55, 56 => 31, 35, 43, 45
<13> 25, 26, 33, 37, 39, 40, 42, 43, 44, 47, 48, 52, 56 => 32, 36
<13> 25, 26, 32, 33, 36, 37, 39, 40, 42, 43, 44, 47, 48 => 52, 56
<13> 24, 28, 31, 32, 33, 35, 36, 37, 40, 44, 46, 47, 48, 51, 52, 55, 56 => 43
<13> 23, 26, 39, 40, 44, 46, 47, 48, 51, 52, 55, 56 => 43
<13> 22, 26, 32, 33, 36, 37, 40, 43, 44, 45, 46, 47, 48, 51, 52, 54, 55, 56 => 4
<13> 22, 26, 32, 33, 36, 37, 39, 40, 44, 45, 46, 47, 48, 52, 55, 56 => 35
<13> 20, 32, 33, 36, 37, 44, 46, 47, 48, 49, 50, 51, 52, 54, 55, 56 => 45
<13> 19, 39, 40, 43, 44, 47, 48, 50, 51, 52, 55, 56 => 46
<13> 18, 37, 40, 44, 47, 48, 51, 52, 56 => 55
<13> 18, 33, 37, 44, 47, 48, 51, 52, 56 => 55
<13> 18, 33, 36, 37, 44, 47, 48, 52, 56 => 32, 40, 46
<13> 17, 26, 28, 31, 32, 33, 35, 36, 37, 40, 44, 45, 46, 47, 48, 52, 56 => 43
<13> 14, 41, 42, 43, 44, 47, 48 => 33, 37
<13> 14, 28, 37, 43, 44, 48, 52, 56 => 42
<13> 14, 28, 37, 42, 43, 44, 48, 56 => 52
<13> 8, 32, 33, 36, 37, 42, 43, 44, 45, 46, 47, 48, 52, 56 => 55
<13> 5, 37, 38, 39, 40 => 28, 33, 44
<13> 5, 25, 26, 32, 33, 36, 37, 45, 46, 47, 48, 51, 52, 55, 56 => 0
<13> 5, 24, 46, 47, 48, 52, 55, 56 => 32, 33, 36, 37, 44
<13> 5, 24, 31, 32, 33, 35, 36, 37, 44, 46, 47, 48, 52, 56 => 40
<13> 5, 24, 26, 32, 33, 36, 37, 42, 43, 44, 46, 47, 48, 52, 56 => 45
<13> 5, 23, 26, 27, 37, 43, 44, 46, 47, 48 => 33
<13> 5, 22, 26, 28, 33, 37, 44, 45, 46, 47, 48, 56 => 32, 36
<13> 5, 21, 26, 32, 33, 35, 36, 37, 44, 45, 46, 47, 48, 52, 56 => 43
<13> 5, 21, 26, 28, 33, 37, 40, 44, 46, 47, 48, 56 => 36
<13> 5, 20, 33, 37, 39, 40, 44, 47, 48, 52, 56 => 32, 36
<13> 5, 20, 28, 32, 33, 36, 37, 40, 44, 47, 48, 51, 52, 55, 56 => 31, 35
<13> 4, 22, 26, 31, 32, 33, 35, 36, 37, 44, 45, 46, 47, 48, 51, 52, 54, 55, 56 => 50
<13> 4, 21, 31, 32, 33, 35, 36, 37, 44, 45, 46, 47, 48, 51, 52, 55, 56 => 40
<13> 4, 21, 26, 39, 40, 46, 47, 48, 51, 52, 55, 56 => 28
<13> 4, 20, 31, 32, 33, 35, 36, 37, 42, 43, 44, 47, 48, 51, 52, 55, 56 => 40
<13> 3, 32, 33, 36, 37, 40, 42, 43, 44, 46, 47, 48, 51, 52, 54, 55, 56 => 28
<13> 3, 32, 33, 36, 37, 40, 41, 42, 43, 44, 45, 46, 47, 48, 51, 52, 55, 56 => 4
<13> 3, 24, 33, 37, 44, 46, 47, 48, 52, 55, 56 => 43
<13> 3, 23, 26, 33, 36, 37, 42, 43, 44, 46, 47, 48 => 32
<13> 3, 21, 33, 37, 43, 44, 47, 48, 51, 52, 55, 56 => 4
<13> 3, 19, 31, 32, 33, 36, 37, 44, 47, 48, 52, 56 => 46
<13> 3, 16, 27, 32, 33, 36, 37, 44, 45, 46, 47, 48, 52, 56 => 26
<13> 3, 15, 33, 37, 41, 42, 43, 44, 46, 47, 48 => 26
<13> 3, 15, 33, 36, 37, 40, 44, 45, 46, 47, 48, 56 => 43
<13> 3, 15, 27, 33, 37, 44, 46, 47, 48, 52, 55, 56 => 51
<13> 3, 15, 27, 33, 37, 44, 45, 46, 47, 48, 56 => 43
<13> 3, 5, 26, 32, 33, 36, 37, 39, 40, 43, 44, 47, 48, 52, 56 => 31, 35
<13> 3, 5, 20, 33, 37, 44, 48, 52 => 32, 36
<13> 3, 4, 28, 32, 33, 36, 37, 40, 44, 47, 48, 50, 51, 52, 55, 56 => 43
<13> 3, 4, 22, 26, 33, 37, 44, 46, 47, 48, 52, 55, 56 => 43, 51
<13> 3, 4, 21, 33, 37, 44, 47, 48, 51, 52, 55, 56 => 43
<13> 3, 4, 20, 33, 37, 44, 48, 51, 52, 56 => 43
<13> 2, 26, 28, 33, 37, 39, 40, 44, 47, 48 => 46
<13> 2, 13, 28, 33, 37, 40, 43, 44, 46, 47, 48 => 26
<13> 2, 11, 39, 40, 44, 48 => 28
<13> 2, 5, 28, 33, 37, 40, 44, 47, 48 => 26
<13> 2, 5, 13, 28, 40, 42, 43, 44, 47, 48 => 26
<13> 2, 5, 12, 39, 40, 43, 44, 48 => 42
<13> 2, 5, 12, 37, 43, 44, 48 => 42
<13> 2, 4, 27, 40, 43, 44, 46, 47, 48, 51, 52, 55, 56 => 26
<13> 2, 4, 12, 28, 39, 40, 42, 43, 44, 48, 52, 56 => 51
<13> 1, 32, 33, 36, 37, 42, 43, 44, 45, 46, 47, 48, 52, 56 => 40
<13> 1, 28, 32, 33, 36, 37, 39, 40, 43, 44, 45, 46, 47, 48, 52, 56 => 26
<13> 1, 27, 33, 36, 37, 40, 44, 45, 46, 47, 48, 52, 56 => 32
<13> 1, 26, 41, 42, 43, 44, 47, 48 => 46
<13> 1, 26, 31, 32, 33, 35, 36, 37, 43, 44, 46, 47, 48, 52, 55, 56 => 45
<13> 1, 25, 44, 47, 48, 52, 55, 56 => 43, 46, 51
<13> 1, 25, 44, 47, 48, 51, 52, 56 => 43, 46, 55
<13> 1, 23, 26, 44, 46, 47, 48, 51, 52, 55, 56 => 45
<13> 1, 23, 26, 33, 36, 37, 44, 46, 47, 48 => 52, 56
<13> 1, 22, 26, 44, 46, 47, 48, 51, 52, 55, 56 => 4
<13> 1, 21, 28, 37, 44, 46, 47, 48 => 33
<13> 1, 10, 27, 33, 37, 40, 44, 47, 48, 56 => 46
<13> 1, 9, 33, 37, 42, 43, 44, 48, 52, 55, 56 => 47
<13> 1, 9, 27, 33, 37, 44, 45, 46, 47, 48, 52, 56 => 26
<13> 1, 9, 27, 33, 37, 40, 44, 47, 48, 52, 56 => 46
<13> 1, 8, 32, 33, 36, 37, 40, 44, 47, 48, 52, 56 => 46
<13> 1, 5, 25, 26, 44, 48 => 33, 37, 40
<13> 1, 5, 24, 26, 44, 46, 47, 48 => 33, 37
<13> 1, 5, 22, 26, 44, 46, 47, 48 => 37, 43
<13> 1, 5, 9, 33, 37, 40, 42, 43, 44 => 36
<13> 1, 4, 27, 32, 33, 36, 37, 44, 45, 46, 47, 48, 51, 52, 55, 56 => 54
<13> 1, 4, 25, 44, 46, 47, 48, 52, 56 => 43
<13> 1, 4, 24, 26, 44, 46, 47, 48, 52, 56 => 55
<13> 1, 4, 22, 26, 44, 46, 47, 48, 52, 56 => 51, 55
<13> 1, 4, 20, 33, 37, 44, 48, 51, 52, 56 => 43, 55
<13> 1, 4, 9, 32, 33, 36, 37, 44, 45, 46, 47, 48, 51, 52, 55, 56 => 54
<13> 0, 27, 32, 33, 36, 37, 39, 40, 44, 45, 46, 47, 48, 51, 52, 55, 56 => 31, 35
<13> 0, 27, 31, 32, 33, 34, 35, 36, 37, 43, 44, 45, 46, 47, 48, 51, 52, 54, 55, 56 => 30
<13> 0, 24, 26, 33, 36, 37, 39, 40, 44, 46, 47, 48, 52, 56 => 43
<13> 0, 23, 26, 28, 33, 37, 46, 47, 48, 52, 56 => 40
<13> 0, 8, 32, 33, 36, 37, 39, 40, 43, 44, 47, 48, 52, 55, 56 => 51
<13> 0, 8, 32, 33, 35, 36, 37, 39, 40, 44, 47, 48, 51, 52, 55, 56 => 28
<13> 0, 4, 26, 30, 31, 32, 33, 35, 36, 37, 44, 45, 46, 47, 48, 49, 50, 51, 52, 53, 54, 55, 56 => 43
<13> 0, 4, 25, 26, 32, 33, 36, 37, 44, 46, 47, 48, 51, 52, 54, 55, 56 => 50
<13> 0, 4, 23, 26, 32, 33, 36, 37, 44, 45, 46, 47, 48, 50, 51, 52, 54, 55, 56 => 43
