<14> 33, 37, 39, 40, 41, 42, 43, 44, 48, 52, 56 => 47
<14> 33, 36, 37, 39, 40, 41, 42, 43, 44 => 32
<14> 27, 39, 40, 42, 43, 44, 46, 47, 48, 52, 55, 56 => 51
<14> 27, 32, 33, 36, 37, 40, 44, 46, 47, 48, 49, 50, 51, 52, 54, 55, 56 => 31, 35
<14> 27, 31, 32, 33, 34, 35, 36, 37, 44, 45, 46, 47, 48, 51, 52, 54, 55, 56 => 0
<14> 26, 33, 37, 39, 40, 41, 42, 43, 44, 47, 48 => 46
<14> 25, 31, 32, 33, 35, 36, 37, 39, 40, 44, 46, 47, 48, 51, 52, 55, 56 => 45
<14> 24, 31, 32, 33, 35, 36, 37, 39, 40, 44, 46, 47, 48, 51, 52, 55, 56 => 43
<14> 24, 26, 27, 33, 36, 37, 40, 44, 46, 47, 48 => 32
<14> 23, 26, 41, 42, 43, 44, 46, 47, 48, 56 => 52
<14> 23, 26, 28, 41, 42, 43, 44, 46, 47, 48 => 40
<14> 22, 31, 32, 33, 35, 36, 37, 43, 44, 45, 46, 47, 48, 51, 52, 54, 55, 56 => 50
<14> 22, 27, 32, 33, 35, 36, 37, 44, 45, 46, 47, 48, 52, 56 => 31
<14> 22, 26, 37, 41, 42, 43, 44, 46, 47, 48 => 33
<14> 21, 27, 32, 33, 36, 37, 43, 44, 46, 47, 48, 52, 55, 56 => 45
<14> 19, 33, 37, 45, 46, 47, 48, 49, 50, 51, 52, 54, 55, 56 => 53
<14> 19, 32, 33, 36, 37, 39, 40, 44, 46, 47, 48, 50, 51, 52, 55, 56 => 31, 35
<14> 19, 27, 32, 33, 36, 37, 42, 43, 44, 48, 52, 56 => 47
<14> 19, 27, 32, 33, 35, 36, 37, 43, 44, 46, 47, 48, 52, 56 => 55
<14> 18, 37, 44, 48, 52, 55, 56 => 47, 51
<14> 17, 32, 33, 36, 37, 39, 40, 43, 44, 45, 46, 47, 48, 52, 56 => 31, 35
<14> 14, 40, 43, 44, 48, 51, 52, 56 => 2
<14> 14, 28, 43, 44, 48, 56 => 37
<14> 11, 27, 44 => 43, 47, 48
<14> 8, 32, 33, 35, 36, 37, 42, 43, 44, 46, 47, 48, 52, 56 => 31, 40
<14> 8, 27, 33, 37, 40, 44 => 43
<14> 8, 26, 27, 33, 37, 44, 48 => 43
<14> 5, 23, 26, 27, 44, 46, 47, 48 => 43
<14> 5, 21, 33, 37, 42, 43, 44, 45, 46, 47, 48, 56 => 26
<14> 5, 21, 26, 33, 37, 40, 44, 45, 46, 47, 48, 56 => 43
<14> 5, 20, 42, 43, 44, 47, 48, 51, 52, 55, 56 => 46
<14> 5, 20, 39, 40, 42, 43, 44, 48, 52 => 28
<14> 5, 20, 33, 37, 44, 47, 48, 50, 51, 52, 55, 56 => 32, 36, 46
<14> 5, 20, 28, 33, 37, 40, 44, 47, 48, 52, 56 => 32, 36
<14> 5, 19, 33, 37, 40, 47, 48, 52, 55, 56 => 32, 36
<14> 5, 11, 33, 37, 44, 47, 48 => 26
<14> 4, 29, 33, 37, 44, 46, 47, 48, 52, 55, 56 => 45, 50, 51, 54
<14> 4, 24, 32, 33, 36, 37, 39, 40, 43, 44, 46, 47, 48, 51, 52, 55, 56 => 45
<14> 4, 22, 26, 39, 40, 44, 46, 47, 48, 52, 56 => 28
<14> 4, 20, 27, 37, 44, 48, 51, 52, 56 => 55
<14> 3, 27, 32, 33, 36, 37, 40, 42, 43, 44, 45, 46, 47, 48, 56 => 26
<14> 3, 25, 33, 37, 44, 45, 46, 47, 48, 52, 56 => 36
<14> 3, 23, 26, 33, 37, 40, 44, 45, 46, 47, 48, 52, 56 => 32, 36
<14> 3, 22, 26, 33, 37, 40, 42, 43, 44, 46, 47, 48 => 36
<14> 3, 22, 26, 32, 33, 36, 37, 44, 46, 47, 48, 52, 55, 56 => 51
<14> 3, 21, 28, 33, 37, 40, 43, 44, 46, 47, 48 => 32, 36
<14> 3, 21, 26, 33, 37, 42, 43, 44, 46, 47, 48, 52, 56 => 55
<14> 3, 16, 32, 33, 36, 37, 41, 42, 43, 44, 47, 48, 52, 56 => 46
<14> 3, 16, 31, 32, 33, 36, 37, 40, 42, 43, 44, 47, 48, 52, 55, 56 => 28
<14> 3, 16, 26, 32, 33, 36, 37, 42, 43, 44, 46, 47, 48, 51, 52, 55, 56 => 4
<14> 3, 16, 26, 32, 33, 36, 37, 40, 43, 44, 46, 47, 48, 51, 52, 55, 56 => 4
<14> 3, 16, 26, 32, 33, 36, 37, 39, 40, 44, 47, 48, 52, 56 => 31, 35
<14> 3, 15, 33, 37, 42, 43, 44, 45, 46, 47, 48, 56 => 26
<14> 3, 15, 33, 37, 40, 45, 46, 47, 48, 56 => 36
<14> 3, 15, 33, 36, 37, 41, 42, 43, 44 => 40
<14> 3, 4, 27, 33, 37, 42, 43, 44, 45, 46, 47, 48, 51, 52, 55, 56 => 26
<14> 2, 37, 41, 42, 43, 44, 56 => 52
<14> 2, 26, 40, 43, 44, 45, 46, 47, 48, 56 => 4, 51, 52, 55
<14> 2, 14, 37, 40, 43, 44, 48, 52, 56 => 4
<14> 2, 13, 28, 39, 40, 43, 44, 46, 47, 48 => 26
<14> 2, 13, 27, 44, 48, 56 => 37, 52
<14> 2, 11, 26, 40, 44, 47, 48 => 46
<14> 2, 5, 37, 39, 40, 44, 47, 48 => 26
<14> 2, 5, 28, 39, 40, 43, 44, 48, 52 => 42
<14> 2, 5, 19, 44 => 43
<14> 2, 5, 13, 37, 40, 42, 43, 44, 47, 48 => 46
<14> 1, 32, 33, 36, 37, 42, 43, 44, 47, 48, 50, 51, 52, 55, 56 => 54
<14> 1, 31, 32, 33, 35, 36, 37, 43, 44, 45, 46, 47, 48, 52, 56 => 55
<14> 1, 26, 39, 40, 42, 43, 44, 47, 48, 52, 56 => 46
<14> 1, 26, 31, 32, 33, 35, 36, 37, 43, 44, 47, 48, 52, 56 => 46
<14> 1, 22, 26, 28, 44, 46, 47, 48 => 40, 56
<14> 1, 21, 37, 42, 43, 44, 48 => 56
<14> 1, 21, 28, 37, 44, 48, 56 => 52
<14> 1, 20, 37, 44, 47, 48, 52, 56 => 33, 51, 55
<14> 1, 19, 37, 44, 47, 48, 52, 56 => 51
<14> 1, 10, 33, 36, 37, 42, 43, 44, 47, 48 => 4, 51, 52, 55, 56
<14> 1, 9, 26, 33, 37, 42, 43, 44, 47, 48 => 40, 46
<14> 1, 8, 33, 36, 37, 40, 44, 48, 52, 56 => 32
<14> 1, 8, 32, 33, 36, 37, 44, 48, 51, 52, 56 => 43
<14> 1, 8, 32, 33, 36, 37, 44, 47, 48, 52, 55, 56 => 43
<14> 1, 5, 33, 37, 40, 44, 45, 46, 47, 48, 52, 56 => 26, 43
<14> 1, 5, 11, 44, 47, 48 => 26
<14> 1, 5, 9, 28, 33, 37, 40, 44, 47, 48, 52, 56 => 39
<14> 0, 27, 32, 33, 36, 37, 39, 40, 46, 47, 48, 51, 52, 55, 56 => 45
<14> 0, 24, 26, 31, 32, 33, 35, 36, 37, 44, 45, 46, 47, 48, 51, 52, 55, 56 => 40
<14> 0, 24, 26, 28, 33, 36, 37, 40, 44, 46, 47, 48, 52, 56 => 43
<14> 0, 22, 33, 37, 40, 42, 43, 44, 46, 47, 48, 52, 56 => 31, 32, 35, 36, 45, 55
<14> 0, 8, 26, 31, 32, 33, 35, 36, 37, 44, 45, 46, 47, 48, 51, 52, 55, 56 => 40
<14> 0, 7, 32, 33, 36, 37, 43, 44, 45, 46, 47, 48, 50, 51, 52, 53, 54, 55, 56 => 4
<14> 0, 7, 32, 33, 36, 37, 40, 44, 45, 46, 47, 48, 50, 51, 52, 53, 54, 55, 56 => 31, 35
<14> 0, 5, 7, 32, 33, 36, 37, 39, 40, 47, 48, 51, 52, 55, 56 => 31, 35
<14> 0, 5, 7, 28, 32, 33, 36, 37, 40, 47, 48, 51, 52, 55, 56 => 31, 35
