<16> 37, 39, 40, 41, 42, 43, 44, 48, 56 => 52
<16> 29, 33, 36, 37, 44, 46, 47, 48, 52, 55, 56 => 45, 50, 51, 54
<16> 26, 28, 39, 40, 41, 42, 43, 44, 47, 48 => 46
<16> 23, 26, 27, 33, 36, 37, 40, 44, 46, 47, 48, 52, 56 => 32, 45
<16> 20, 33, 37, 41, 42, 43, 44, 48, 52, 56 => 51
<16> 20, 27, 33, 37, 42, 43, 44, 47, 48, 51, 52, 56 => 55
<16> 19, 27, 37, 42, 43, 44, 47, 48, 52, 56 => 33
<16> 18, 33, 37, 44, 52, 56 => 47, 48
<16> 14, 37, 40, 43, 44, 47, 48, 52, 56 => 33
<16> 14, 37, 40, 42, 43, 44, 47, 48, 56 => 33
<16> 14, 28, 43, 44, 52 => 37
<16> 11, 28, 40, 43, 44, 47, 48, 51, 52, 56 => 4
<16> 5, 41, 42, 43, 44, 46, 47, 48, 52, 55, 56 => 33, 37
<16> 5, 26, 33, 37, 47, 48, 50, 51, 52, 55, 56 => 44
<16> 5, 20, 27, 37, 44, 48, 52 => 33
<16> 5, 19, 32, 33, 35, 36, 37, 47, 48, 52, 56 => 31
<16> 4, 26, 28, 31, 32, 33, 35, 36, 37, 40, 44, 45, 46, 47, 48, 50, 51, 52, 53, 54, 55, 56 => 0
<16> 4, 19, 27, 44, 48, 51, 52, 56 => 37, 47
<16> 4, 14, 27, 33, 37, 44, 47, 48, 52, 56 => 43
<16> 3, 23, 26, 33, 36, 37, 40, 44, 46, 47, 48 => 32
<16> 3, 21, 33, 37, 44, 46, 47, 48, 52, 55, 56 => 26
<16> 3, 21, 33, 37, 44, 45, 46, 47, 48, 56 => 26, 32, 36
<16> 3, 16, 32, 33, 36, 37, 39, 40, 44, 45, 46, 47, 48, 52, 56 => 31, 35
<16> 3, 16, 32, 33, 36, 37, 39, 40, 42, 43, 44, 47, 48, 52, 56 => 31, 35
<16> 3, 15, 28, 33, 37, 40, 47, 48, 52, 56 => 4, 55
<16> 3, 14, 33, 37, 44 => 43, 48
<16> 3, 5, 33, 37, 40, 44, 47, 48, 52, 55, 56 => 32, 36
<16> 3, 4, 26, 31, 32, 33, 36, 37, 44, 46, 47, 48, 51, 52, 55, 56 => 43
<16> 2, 44, 48, 50, 51, 52, 55, 56 => 4
<16> 2, 28, 40, 41, 42, 43, 44, 46, 47, 48 => 26
<16> 2, 27, 37, 42, 43, 44, 47, 48, 51, 52, 56 => 55
<16> 2, 14, 27, 44, 48 => 56
<16> 2, 13, 28, 40, 42, 43, 44, 47, 48, 52, 56 => 4
<16> 2, 13, 26, 33, 37, 40, 43, 44, 47, 48 => 46
<16> 2, 12, 28, 39, 40, 43, 44, 48, 51, 52, 56 => 42
<16> 2, 5, 41, 42, 43, 44, 47, 48 => 40
<16> 2, 5, 12, 43, 44, 48, 52 => 42
<16> 1, 41, 42, 43, 44, 56 => 48
<16> 1, 28, 37, 44, 48, 50, 51, 52, 55, 56 => 4
<16> 1, 9, 33, 37, 43, 44, 47, 48, 51, 52, 54, 55, 56 => 32, 36
<16> 1, 5, 33, 36, 37, 42, 43, 44, 47, 48 => 46
<16> 1, 4, 26, 37, 39, 40, 44, 46, 47, 48, 52, 56 => 28
<16> 0, 33, 37, 41, 42, 43, 44, 48, 52, 56 => 46, 47
<16> 0, 33, 36, 37, 41, 42, 43, 44, 52 => 32
<16> 0, 31, 32, 33, 34, 35, 36, 37, 42, 43, 44, 45, 46, 47, 48, 50, 51, 52, 53, 54, 55, 56 => 4
<16> 0, 30, 31, 32, 33, 35, 36, 37, 40, 44, 45, 46, 47, 48, 49, 50, 51, 52, 53, 54, 55, 56 => 4
<16> 0, 27, 30, 31, 32, 33, 35, 36, 37, 44, 45, 46, 47, 48, 51, 52, 54, 55, 56 => 43
<16> 0, 24, 26, 32, 33, 36, 37, 44, 45, 46, 47, 48, 51, 52, 54, 55, 56 => 40
<16> 0, 23, 26, 32, 33, 36, 37, 40, 45, 46, 47, 48, 51, 52, 55, 56 => 31, 35
<16> 0, 8, 26, 32, 33, 36, 37, 44, 46, 47, 48, 51, 52, 54, 55, 56 => 40
<16> 0, 7, 32, 33, 36, 37, 39, 40, 42, 43, 44, 47, 48, 51, 52, 55, 56 => 31, 35
<16> 0, 5, 31, 32, 33, 35, 36, 37, 39, 40, 43, 44, 46, 47, 48, 51, 52, 54, 55, 56 => 45
<16> 0, 5, 26, 27, 32, 33, 35, 36, 37, 43, 44, 45, 46, 47, 48, 51, 52, 55, 56 => 42
<16> 0, 4, 6, 28, 31, 32, 33, 35, 36, 37, 40, 44, 45, 46, 47, 48, 50, 51, 52, 54, 55, 56 => 53
