<8> 29, 33, 37, 44, 45, 46, 47, 48, 49, 50, 51, 52, 54, 55, 56 => 32, 36, 53
<8> 28, 32, 33, 36, 37, 38, 39, 40, 44, 46, 47, 48, 52, 55, 56 => 31, 35
<8> 28, 32, 33, 36, 37, 38, 39, 40, 44, 45, 46, 47, 48, 52, 56 => 31, 35
<8> 27, 33, 37, 41, 42, 43, 44, 46, 47, 48, 51, 52, 54, 55, 56 => 36
<8> 26, 37, 38, 39, 40, 47, 48, 52, 55, 56 => 46
<8> 26, 27, 31, 32, 33, 35, 36, 37, 39, 40, 42, 43, 44, 45, 46, 47, 48, 51, 52, 55, 56 => 0
<8> 25, 32, 33, 36, 37, 39, 40, 44, 47, 48, 50, 51, 52, 55, 56 => 26
<8> 25, 26, 33, 37, 41, 42, 43, 44, 46, 47, 48, 52, 55, 56 => 51
<8> 25, 26, 31, 32, 33, 35, 36, 37, 42, 43, 44, 45, 46, 47, 48, 50, 51, 52, 54, 55, 56 => 0
<8> 25, 26, 27, 39, 40, 47, 48 => 37
<8> 24, 41, 42, 43, 44, 46, 47, 48, 52, 55, 56 => 32, 33, 36, 37, 51
<8> 24, 33, 37, 44, 45, 46, 47, 48, 50, 51, 52, 53, 54, 55, 56 => 4, 32, 36, 43
<8> 23, 26, 33, 36, 37, 41, 42, 43, 44, 46, 47, 48 => 32
<8> 23, 26, 32, 33, 36, 37, 43, 44, 45, 46, 47, 48, 50, 51, 52, 53, 54, 55, 56 => 4
<8> 23, 26, 32, 33, 36, 37, 40, 42, 43, 44, 45, 46, 47, 48, 50, 51, 52, 54, 55, 56 => 31, 35
<8> 23, 26, 27, 32, 33, 36, 37, 42, 43, 44, 45, 46, 47, 48, 50, 51, 52, 54, 55, 56 => 31, 35
<8> 23, 26, 27, 32, 33, 36, 37, 40, 43, 44, 45, 46, 47, 48, 50, 51, 52, 54, 55, 56 => 31, 35
<8> 22, 32, 33, 36, 37, 40, 42, 43, 44, 45, 46, 47, 48, 50, 51, 52, 54, 55, 56 => 0, 31, 35
<8> 22, 27, 32, 33, 36, 37, 42, 43, 44, 45, 46, 47, 48, 50, 51, 52, 54, 55, 56 => 31, 35
<8> 22, 27, 31, 32, 33, 35, 36, 37, 44, 45, 46, 47, 48, 50, 51, 52, 54, 55, 56 => 42, 43
<8> 22, 26, 41, 42, 43, 44, 46, 47, 48, 51, 52, 55, 56 => 4
<8> 22, 26, 33, 36, 37, 41, 42, 43, 44, 46, 47, 48, 52, 56 => 32
<8> 22, 26, 32, 33, 36, 37, 41, 42, 43, 44, 46, 47, 48 => 52, 56
<8> 22, 26, 32, 33, 36, 37, 39, 40, 42, 43, 44, 45, 46, 47, 48, 52, 56 => 31, 35
<8> 22, 26, 28, 41, 42, 43, 44, 46, 47, 48 => 40
<8> 21, 33, 37, 46, 47, 48, 49, 50, 51, 52, 54, 55, 56 => 32, 36, 44, 45, 53
<8> 21, 31, 32, 33, 35, 36, 37, 44, 45, 46, 47, 48, 50, 51, 52, 53, 54, 55, 56 => 0, 43
<8> 21, 28, 40, 41, 42, 43, 44, 47, 48, 51, 52, 55, 56 => 4
<8> 21, 27, 33, 37, 42, 43, 44, 46, 47, 48, 51, 52, 54, 55, 56 => 50
<8> 21, 27, 33, 37, 40, 43, 44, 45, 46, 47, 48, 51, 52, 55, 56 => 32, 36
<8> 21, 27, 31, 32, 33, 35, 36, 37, 43, 44, 45, 46, 47, 48, 52, 56 => 51, 54, 55
<8> 20, 33, 36, 37, 41, 42, 43, 44, 47, 48, 51, 52, 55, 56 => 32
<8> 20, 32, 33, 36, 37, 43, 44, 45, 46, 47, 48, 50, 51, 52, 53, 54, 55, 56 => 4, 31, 35, 40, 49
<8> 20, 28, 33, 37, 40, 41, 42, 43, 44, 47, 48, 51, 52, 56 => 4
<8> 20, 28, 31, 32, 33, 35, 36, 37, 40, 44, 45, 46, 47, 48, 50, 51, 52, 53, 54, 55, 56 => 0
<8> 20, 27, 37, 40, 44, 48, 50, 51, 52, 55, 56 => 43
<8> 20, 27, 32, 33, 36, 37, 40, 44, 47, 48, 51, 52, 55, 56 => 46
<8> 19, 41, 42, 43, 44, 47, 48, 52, 56 => 33, 37
<8> 19, 37, 40, 41, 42, 43, 44, 48, 52, 56 => 28
<8> 19, 32, 33, 36, 37, 41, 42, 43, 44, 48, 52, 56 => 3
<8> 19, 32, 33, 36, 37, 40, 44, 46, 47, 48, 49, 50, 51, 52, 54, 55, 56 => 31, 35, 43
<8> 18, 32, 33, 36, 37, 39, 40, 44, 46, 47, 48, 52, 56 => 31, 35, 51, 54, 55
<8> 17, 32, 33, 36, 37, 43, 44, 45, 46, 47, 48, 50, 51, 52, 53, 54, 55, 56 => 49
<8> 17, 32, 33, 36, 37, 40, 41, 42, 43, 44, 46, 47, 48, 51, 52, 55, 56 => 4
<8> 17, 27, 31, 32, 33, 35, 36, 37, 44, 45, 46, 47, 48, 51, 52, 54, 55, 56 => 50
<8> 17, 26, 32, 33, 36, 37, 40, 44, 45, 46, 47, 48, 50, 51, 52, 54, 55, 56 => 0, 31, 35
<8> 17, 25, 32, 33, 36, 37, 44, 46, 47, 48, 52, 56 => 26, 31, 35, 40, 45
<8> 17, 24, 32, 33, 36, 37, 44, 46, 47, 48, 56 => 26, 40, 45, 52
<8> 17, 22, 32, 33, 36, 37, 44, 46, 47, 48, 56 => 43, 45
<8> 17, 21, 32, 33, 36, 37, 43, 44, 45, 46, 47, 48, 52, 56 => 55
<8> 17, 21, 32, 33, 36, 37, 42, 43, 44, 45, 46, 47, 48, 56 => 26
<8> 17, 21, 26, 32, 33, 36, 37, 43, 44, 45, 46, 47, 48, 56 => 42
<8> 17, 20, 32, 33, 36, 37, 43, 44, 46, 47, 48, 51, 52, 55, 56 => 42
<8> 17, 19, 32, 33, 36, 37, 40, 44, 46, 47, 48, 52, 56 => 55
<8> 17, 19, 31, 32, 33, 35, 36, 37, 44, 46, 47, 48, 52, 56 => 55
<8> 14, 40, 41, 42, 43, 44, 48 => 2
<8> 14, 33, 36, 37, 44, 48, 56 => 47, 52
<8> 14, 27, 41, 42, 43, 44, 48 => 51, 52, 56
<8> 14, 27, 33, 37, 40, 43, 44, 48 => 47
<8> 14, 22, 44, 46, 47, 48 => 26, 37
<8> 14, 21, 44 => 37, 43, 47, 48
<8> 14, 19, 37, 43, 44 => 33
<8> 11, 39, 40, 43, 44, 47, 48, 52, 55, 56 => 4
<8> 11, 28, 33, 37, 39, 40, 43, 44, 47, 48, 56 => 4, 52
<8> 11, 25, 44, 48 => 26, 40, 43, 47
<8> 11, 21, 44 => 26, 37, 40, 43, 46, 47, 48
<8> 11, 20, 44 => 37, 40, 42, 43, 48, 52
<8> 11, 19, 44 => 28, 37, 40, 42, 43, 52
<8> 8, 32, 33, 36, 37, 39, 40, 42, 43, 44, 46, 47, 48, 52, 55, 56 => 31, 35
<8> 8, 25, 26, 33, 37, 46, 47, 48, 52, 56 => 32, 36
<8> 8, 25, 26, 33, 37, 44, 48 => 43
<8> 8, 23, 26, 33, 36, 37, 44, 46, 47, 48, 52, 56 => 32
<8> 8, 21, 33, 37, 47, 48, 52, 56 => 26, 36, 40, 44, 46
<8> 8, 20, 33, 37, 44 => 32, 36, 48, 51, 52, 56
<8> 8, 19, 32, 33, 36, 37, 44, 48, 52, 56 => 51
<8> 5, 33, 37, 41, 42, 43, 44, 45, 46, 47, 48, 51, 52, 55, 56 => 27, 32, 36
<8> 5, 32, 33, 36, 37, 40, 41, 42, 43, 44, 46, 47, 48, 52, 55, 56 => 31, 35
<8> 5, 27, 32, 33, 36, 37, 41, 42, 43, 44, 46, 47, 48, 51, 52, 55, 56 => 45
<8> 5, 26, 32, 33, 36, 37, 40, 44, 47, 48, 50, 51, 52, 55, 56 => 31, 35
<8> 5, 25, 26, 32, 33, 36, 37, 39, 40, 44, 45, 46, 47, 48, 52, 56 => 31, 35
<8> 5, 25, 26, 28, 37, 39, 40, 42, 43, 44, 47, 48 => 33
<8> 5, 25, 26, 28, 32, 33, 36, 37, 40, 44, 45, 46, 47, 48, 52, 56 => 31, 35
<8> 5, 23, 26, 33, 37, 43, 44, 45, 46, 47, 48, 51, 52, 55, 56 => 42
<8> 5, 23, 26, 31, 32, 33, 35, 36, 37, 45, 46, 47, 48, 51, 52, 55, 56 => 0
<8> 5, 22, 31, 32, 33, 35, 36, 37, 40, 43, 44, 45, 46, 47, 48, 52, 55, 56 => 42
<8> 5, 22, 27, 32, 33, 36, 37, 44, 45, 46, 47, 48, 52, 56 => 31, 35
<8> 5, 22, 26, 28, 33, 37, 40, 42, 43, 44, 46, 47, 48, 52, 56 => 32, 36
<8> 5, 22, 26, 28, 31, 32, 33, 35, 36, 37, 43, 44, 45, 46, 47, 48, 52, 56 => 42
<8> 5, 21, 41, 42, 43, 44, 47, 48 => 26, 32, 33, 36, 37, 46
<8> 5, 21, 31, 32, 33, 35, 36, 37, 39, 40, 44, 45, 46, 47, 48, 51, 52, 55, 56 => 0
<8> 5, 21, 28, 31, 32, 33, 35, 36, 37, 40, 44, 45, 46, 47, 48, 51, 52, 55, 56 => 0
<8> 5, 21, 26, 33, 37, 39, 40, 42, 43, 44, 46, 47, 48 => 32, 36
<8> 5, 19, 32, 33, 36, 37, 45, 46, 47, 48, 50, 51, 52, 54, 55, 56 => 31, 35
<8> 5, 19, 31, 32, 33, 35, 36, 37, 46, 47, 48, 50, 51, 52, 54, 55, 56 => 45
<8> 5, 19, 27, 33, 37, 43, 44, 47, 48, 52, 55, 56 => 32, 36, 46
<8> 5, 18, 37, 40, 44, 47, 48, 52, 56 => 33, 46
<8> 5, 18, 33, 37, 44, 47, 48, 52, 56 => 40, 46
<8> 5, 8, 32, 33, 36, 37, 40, 47, 48, 51, 52, 55, 56 => 0
<8> 5, 8, 32, 33, 35, 36, 37, 44, 47, 48, 52, 56 => 31, 40
<8> 5, 8, 28, 33, 37, 42, 43, 44, 46, 47, 48, 52, 56 => 26
<8> 4, 32, 33, 36, 37, 40, 41, 42, 43, 44, 45, 46, 47, 48, 50, 51, 52, 54, 55, 56 => 28
<8> 4, 32, 33, 36, 37, 38, 39, 40, 47, 48, 51, 52, 55, 56 => 50, 54
<8> 4, 25, 26, 39, 40, 42, 43, 44, 46, 47, 48, 52, 56 => 51
<8> 4, 24, 39, 40, 42, 43, 44, 46, 47, 48, 52, 55, 56 => 51
<8> 4, 23, 26, 32, 33, 36, 37, 44, 45, 46, 47, 48, 50, 51, 52, 53, 54, 55, 56 => 43
<8> 4, 23, 26, 31, 32, 33, 36, 37, 42, 43, 44, 45, 46, 47, 48, 51, 52, 55, 56 => 40
<8> 4, 22, 26, 41, 42, 43, 44, 46, 47, 48, 52, 56 => 51, 55
<8> 4, 21, 32, 33, 36, 37, 44, 45, 46, 47, 48, 50, 51, 52, 53, 54, 55, 56 => 0, 43
<8> 4, 20, 33, 36, 37, 41, 42, 43, 44, 48, 51, 52, 56 => 40
<8> 4, 20, 27, 33, 37, 44, 46, 47, 48, 51, 52, 55, 56 => 50
<8> 3, 33, 37, 41, 42, 43, 44, 47, 48, 50, 51, 52, 55, 56 => 36
<8> 3, 33, 37, 41, 42, 43, 44, 46, 47, 48, 51, 52, 54, 55, 56 => 36
<8> 3, 29, 33, 37, 44, 45, 46, 47, 48, 50, 51, 52, 54, 55, 56 => 36
<8> 3, 27, 31, 32, 33, 35, 36, 37, 40, 42, 43, 44, 46, 47, 48, 52, 56 => 26, 45
<8> 3, 26, 31, 32, 33, 35, 36, 37, 44, 46, 47, 48, 51, 52, 54, 55, 56 => 43
<8> 3, 22, 26, 32, 33, 36, 37, 40, 43, 44, 46, 47, 48, 51, 52, 55, 56 => 4, 42
<8> 3, 20, 32, 33, 36, 37, 44, 46, 47, 48, 51, 52, 54, 55, 56 => 43
<8> 3, 20, 32, 33, 36, 37, 39, 40, 44, 48, 52 => 28, 43
<8> 3, 20, 31, 32, 33, 35, 36, 37, 40, 43, 44, 46, 47, 48, 51, 52, 55, 56 => 28
<8> 3, 20, 27, 33, 37, 44, 48, 52 => 47, 51, 55, 56
<8> 3, 19, 32, 33, 36, 37, 44, 47, 48, 50, 51, 52, 55, 56 => 46
<8> 3, 19, 32, 33, 36, 37, 39, 40, 44, 46, 47, 48, 52, 56 => 31, 35
<8> 3, 17, 32, 33, 36, 37, 40, 43, 44, 45, 46, 47, 48, 51, 52, 54, 55, 56 => 4, 31, 35
<8> 3, 17, 31, 32, 33, 35, 36, 37, 43, 44, 45, 46, 47, 48, 51, 52, 54, 55, 56 => 4, 40
<8> 3, 16, 32, 33, 36, 37, 39, 40, 44, 47, 48, 50, 51, 52, 55, 56 => 28
<8> 3, 16, 25, 31, 32, 33, 35, 36, 37, 40, 44, 47, 48, 52, 56 => 28
<8> 3, 16, 25, 28, 32, 33, 36, 37, 40, 44, 47, 48, 52, 56 => 31, 35
<8> 3, 16, 21, 32, 33, 36, 37, 44, 46, 47, 48, 52, 56 => 43
<8> 3, 16, 20, 32, 33, 36, 37, 44, 48, 52, 56 => 40, 43
<8> 3, 16, 19, 32, 33, 36, 37, 44, 48, 52, 56 => 40
<8> 3, 15, 25, 33, 37, 44, 47, 48 => 26, 43
<8> 3, 15, 24, 33, 37, 46, 47, 48 => 26
<8> 3, 15, 23, 26, 33, 37, 44, 46, 47, 48 => 43
<8> 3, 15, 19, 33, 37, 43, 44, 52 => 40
<8> 3, 15, 19, 33, 37, 40, 44, 52 => 43
<8> 3, 14, 27, 33, 37, 43, 44, 48 => 42, 47
<8> 3, 5, 32, 33, 36, 37, 40, 44, 45, 46, 47, 48, 52, 55, 56 => 31, 35
<8> 3, 5, 32, 33, 36, 37, 39, 40, 44, 47, 48, 52, 55, 56 => 16, 31, 35
<8> 3, 5, 20, 32, 33, 36, 37, 44, 47, 48, 51, 52, 55, 56 => 46
<8> 3, 5, 16, 27, 32, 33, 36, 37, 44, 46, 47, 48, 52, 56 => 35
<8> 3, 5, 14, 33, 37, 43, 44, 48 => 40
<8> 3, 4, 31, 32, 33, 35, 36, 37, 39, 40, 44, 46, 47, 48, 51, 52, 54, 55, 56 => 45
<8> 3, 4, 27, 33, 37, 41, 42, 43, 44, 46, 47, 48, 51, 52, 55, 56 => 26
<8> 2, 36, 37, 44 => 47, 48
<8> 2, 33, 37, 40, 41, 42, 43, 44, 48, 52, 56 => 47
<8> 2, 28, 40, 41, 42, 43, 44, 48, 52, 55, 56 => 4
<8> 2, 28, 37, 40, 41, 42, 43, 44, 48, 52, 56 => 4
<8> 2, 25, 26, 37, 40, 42, 43, 44, 46, 47, 48, 52, 56 => 4
<8> 2, 22, 26, 33, 37, 44, 46, 47, 48, 56 => 52
<8> 2, 21, 33, 37, 42, 43, 44, 46, 47, 48 => 56
<8> 2, 21, 27, 43, 44 => 42
<8> 2, 19, 37, 40, 43, 44, 47, 48, 51, 52, 56 => 4
<8> 2, 13, 28, 40, 41, 42, 43, 44, 47, 48 => 37
<8> 2, 13, 24, 26, 40, 43, 44, 47, 48 => 46
<8> 2, 13, 20, 43, 44, 48 => 52, 56
<8> 2, 13, 19, 44 => 52
<8> 2, 12, 41, 42, 43, 44 => 40
<8> 2, 12, 24, 26, 43, 44, 47, 48 => 40
<8> 2, 12, 23, 43, 44, 48 => 28, 40, 42
<8> 2, 12, 22, 26, 43, 44, 46, 47, 48 => 40, 42
<8> 2, 12, 21, 43, 44 => 40
<8> 2, 12, 20, 28, 40, 43, 44, 48, 52 => 56
<8> 2, 11, 40, 43, 44, 47, 48, 52, 55, 56 => 4
<8> 2, 11, 40, 43, 44, 47, 48, 51, 52, 56 => 4
<8> 2, 5, 26, 33, 37, 40, 41, 42, 43, 44, 47, 48 => 28
<8> 2, 5, 24, 26, 37, 43, 44, 46, 47, 48 => 42
<8> 2, 5, 14, 33, 37, 42, 43, 44, 47, 48 => 26
<8> 2, 5, 12, 37, 40, 42, 43, 44, 47, 48 => 26
<8> 2, 4, 20, 42, 43, 44, 48, 51, 52, 56 => 28, 40
<8> 1, 33, 36, 37, 40, 41, 42, 43, 44, 48, 56 => 32
<8> 1, 28, 33, 37, 41, 42, 43, 44, 48, 56 => 36
<8> 1, 23, 26, 39, 40, 44, 46, 47, 48 => 33, 37
<8> 1, 22, 26, 39, 40, 44, 46, 47, 48 => 28, 33, 37, 43, 56
<8> 1, 22, 26, 27, 33, 37, 44, 46, 47, 48, 52, 55, 56 => 45
<8> 1, 21, 37, 40, 42, 43, 44, 47, 48, 51, 52, 55, 56 => 4
<8> 1, 21, 28, 37, 42, 43, 44, 48, 52, 56 => 51
<8> 1, 20, 33, 36, 37, 40, 43, 44, 48, 51, 52, 56 => 32
<8> 1, 19, 37, 44, 47, 48, 50, 51, 52, 55, 56 => 33
<8> 1, 19, 27, 33, 37, 44, 48, 52, 56 => 43
<8> 1, 11, 39, 40, 43, 44, 48, 56 => 52
<8> 1, 11, 26, 37, 42, 43, 44, 46, 47, 48, 52, 56 => 55
<8> 1, 10, 41, 42, 43, 44 => 52
<8> 1, 10, 26, 40, 44, 45, 46, 47, 48, 52, 55, 56 => 51
<8> 1, 10, 25, 44, 48 => 26, 33, 37, 43, 47
<8> 1, 10, 23, 26, 33, 37, 43, 44, 46, 47, 48 => 42
<8> 1, 10, 19, 37, 44, 52 => 33, 43
<8> 1, 9, 33, 37, 42, 43, 44, 45, 46, 47, 48, 52, 56 => 26, 32, 36, 40
<8> 1, 9, 32, 33, 36, 37, 42, 43, 44, 47, 48, 51, 52, 54, 55, 56 => 4
<8> 1, 9, 27, 33, 37, 42, 43, 44, 46, 47, 48, 52, 56 => 32, 36
<8> 1, 9, 24, 26, 33, 37, 44, 46, 47, 48 => 40, 56
<8> 1, 9, 23, 26, 33, 37, 44, 46, 47, 48 => 43, 52, 56
<8> 1, 9, 22, 26, 33, 37, 44, 46, 47, 48 => 40, 56
<8> 1, 9, 20, 33, 37, 44, 52, 56 => 48, 51
<8> 1, 9, 19, 33, 37, 44, 52, 56 => 51
<8> 1, 5, 28, 37, 44, 51, 52, 56 => 40, 43
<8> 1, 5, 22, 26, 37, 42, 43, 44, 46, 47, 48 => 33
<8> 1, 5, 11, 26, 28, 37, 40, 44, 47, 48 => 33
<8> 1, 4, 9, 32, 33, 36, 37, 42, 43, 44, 47, 48, 51, 52, 55, 56 => 54
<8> 0, 26, 27, 31, 32, 33, 35, 36, 37, 39, 40, 43, 44, 45, 46, 47, 48, 51, 52, 55, 56 => 42
<8> 0, 22, 27, 31, 32, 33, 35, 36, 37, 43, 44, 45, 46, 47, 48, 51, 52, 55, 56 => 42
<8> 0, 21, 28, 33, 36, 37, 40, 42, 43, 44, 46, 47, 48, 52, 56 => 26
<8> 0, 21, 27, 32, 33, 36, 37, 43, 44, 45, 46, 47, 48, 51, 52, 55, 56 => 50, 54
<8> 0, 19, 27, 32, 33, 36, 37, 43, 44, 45, 46, 47, 48, 50, 51, 52, 54, 55, 56 => 35
<8> 0, 8, 32, 33, 36, 37, 42, 43, 44, 46, 47, 48, 51, 52, 54, 55, 56 => 40
<8> 0, 8, 27, 32, 33, 36, 37, 44, 45, 46, 47, 48, 51, 52, 54, 55, 56 => 35
<8> 0, 7, 28, 31, 32, 33, 35, 36, 37, 40, 42, 43, 44, 46, 47, 48, 50, 51, 52, 54, 55, 56 => 4
<8> 0, 7, 27, 32, 33, 36, 37, 44, 45, 46, 47, 48, 50, 51, 52, 53, 54, 55, 56 => 4
<8> 0, 7, 25, 26, 32, 33, 36, 37, 45, 46, 47, 48, 51, 52, 55, 56 => 40, 44
<8> 0, 7, 22, 31, 32, 33, 35, 36, 37, 44, 45, 46, 47, 48, 52, 55, 56 => 26
<8> 0, 7, 20, 31, 32, 33, 35, 36, 37, 44, 47, 48, 51, 52, 55, 56 => 40, 46, 54
<8> 0, 6, 28, 31, 32, 33, 34, 35, 36, 37, 40, 42, 43, 44, 45, 46, 47, 48, 51, 52, 54, 55, 56 => 50
<8> 0, 6, 25, 26, 32, 33, 36, 37, 45, 46, 47, 48, 51, 52, 55, 56 => 44
<8> 0, 6, 24, 26, 32, 33, 36, 37, 44, 45, 46, 47, 48, 52, 55, 56 => 35, 43, 51
<8> 0, 6, 23, 26, 32, 33, 36, 37, 45, 46, 47, 48, 52, 55, 56 => 31, 35, 51
<8> 0, 6, 21, 31, 32, 33, 35, 36, 37, 44, 45, 46, 47, 48, 51, 52, 54, 55, 56 => 50
<8> 0, 6, 19, 32, 33, 35, 36, 37, 43, 44, 46, 47, 48, 51, 52, 55, 56 => 31
<8> 0, 5, 33, 37, 41, 42, 43, 44, 46, 47, 48, 52, 56 => 26
<8> 0, 5, 32, 33, 36, 37, 41, 42, 43, 44, 52 => 27
<8> 0, 5, 23, 26, 32, 33, 36, 37, 45, 46, 47, 48, 51, 52, 55, 56 => 31, 35
<8> 0, 5, 22, 31, 32, 33, 35, 36, 37, 43, 44, 45, 46, 47, 48, 52, 55, 56 => 42
<8> 0, 4, 20, 32, 33, 35, 36, 37, 39, 40, 44, 46, 47, 48, 50, 51, 52, 54, 55, 56 => 28
