<12> 32, 33, 36, 37, 38, 39, 40, 48, 51, 52, 56 => 55
<12> 25, 26, 32, 33, 36, 37, 42, 43, 44, 46, 47, 48, 51, 52, 54, 55, 56 => 31, 35
<12> 21, 26, 33, 37, 41, 42, 43, 44, 45, 46, 47, 48, 56 => 32, 36
<12> 20, 27, 32, 33, 36, 37, 44, 47, 48, 50, 51, 52, 55, 56 => 46
<12> 19, 41, 42, 43, 44, 52, 56 => 48
<12> 19, 41, 42, 43, 44, 48, 52 => 56
<12> 19, 32, 33, 36, 37, 40, 42, 43, 44, 46, 47, 48, 50, 51, 52, 55, 56 => 31
<12> 19, 27, 37, 40, 43, 44, 47, 48, 52, 55, 56 => 51
<12> 18, 33, 37, 44, 47, 48, 51, 52, 54, 55, 56 => 46
<12> 18, 33, 37, 44, 46, 47, 48, 51, 52, 55, 56 => 54
<12> 17, 32, 33, 36, 37, 40, 42, 43, 44, 45, 46, 47, 48, 50, 51, 52, 54, 55, 56 => 31, 35
<12> 14, 36, 37, 44 => 33, 48
<12> 11, 28, 33, 37, 40, 43, 44, 47, 48, 52, 56 => 4
<12> 11, 27, 43, 44, 47, 48, 52, 56 => 55
<12> 11, 26, 27, 43, 44, 47, 48 => 46
<12> 8, 27, 32, 33, 36, 37, 40, 47, 48, 52, 56 => 46
<12> 8, 27, 32, 33, 35, 36, 37, 44, 46, 47, 48, 51, 52, 55, 56 => 45, 54
<12> 8, 26, 32, 33, 36, 37, 42, 43, 44, 46, 47, 48, 52, 55, 56 => 45
<12> 8, 26, 31, 32, 33, 35, 36, 37, 39, 40, 44, 45, 46, 47, 48, 52, 55, 56 => 28
<12> 8, 26, 28, 31, 32, 33, 35, 36, 37, 40, 44, 45, 46, 47, 48, 52, 55, 56 => 39
<12> 8, 26, 27, 32, 33, 36, 37, 46, 47, 48, 51, 52, 55, 56 => 45
<12> 5, 28, 37, 39, 40, 41, 42, 43, 44 => 33
<12> 5, 26, 33, 37, 43, 44, 47, 48, 50, 51, 52, 55, 56 => 42
<12> 5, 25, 26, 33, 37, 42, 43, 44, 45, 46, 47, 48, 52, 56 => 32, 36
<12> 5, 22, 33, 37, 40, 44, 45, 46, 47, 48, 52, 55, 56 => 32, 35, 36
<12> 5, 22, 32, 33, 36, 37, 42, 43, 44, 45, 46, 47, 48, 52, 56 => 31, 35
<12> 5, 21, 32, 33, 36, 37, 43, 44, 45, 46, 47, 48, 51, 52, 55, 56 => 31, 35
<12> 5, 21, 32, 33, 36, 37, 40, 44, 45, 46, 47, 48, 52, 55, 56 => 31, 35
<12> 5, 21, 27, 33, 37, 43, 44, 45, 46, 47, 48, 52, 56 => 26
<12> 5, 21, 26, 33, 37, 39, 40, 44, 46, 47, 48, 52, 56 => 32, 36
<12> 5, 20, 32, 33, 36, 37, 40, 44, 46, 47, 48, 51, 52, 54, 55, 56 => 31, 35
<12> 5, 20, 32, 33, 36, 37, 39, 40, 44, 47, 48, 51, 52, 55, 56 => 31, 35
<12> 5, 19, 39, 40, 48, 52, 56 => 47
<12> 5, 19, 37, 39, 40, 52, 56 => 32, 33, 36
<12> 5, 17, 32, 33, 36, 37, 40, 44, 46, 47, 48, 52, 55, 56 => 31, 35
<12> 5, 17, 32, 33, 36, 37, 40, 42, 43, 44, 46, 47, 48, 52, 56 => 31, 35
<12> 4, 23, 26, 39, 40, 44, 46, 47, 48, 52, 55, 56 => 43
<12> 4, 20, 39, 40, 44, 46, 47, 48, 51, 52, 55, 56 => 50
<12> 4, 19, 33, 37, 45, 46, 47, 48, 50, 51, 52, 53, 54, 55, 56 => 49
<12> 4, 19, 32, 33, 36, 37, 40, 42, 43, 44, 46, 47, 48, 51, 52, 55, 56 => 31
<12> 4, 19, 32, 33, 36, 37, 39, 40, 43, 44, 46, 47, 48, 51, 52, 55, 56 => 31, 35
<12> 4, 8, 27, 32, 33, 36, 37, 44, 46, 47, 48, 50, 51, 52, 54, 55, 56 => 45
<12> 3, 32, 33, 36, 37, 39, 40, 42, 43, 44, 45, 46, 47, 48, 52, 56 => 31, 35
<12> 3, 28, 32, 33, 36, 37, 40, 44, 45, 46, 47, 48, 51, 52, 54, 55, 56 => 31, 35
<12> 3, 27, 33, 37, 44, 47, 48, 50, 51, 52, 55, 56 => 46
<12> 3, 27, 33, 37, 44, 46, 47, 48, 51, 52, 54, 55, 56 => 45
<12> 3, 25, 33, 37, 44, 47, 48, 51, 52, 55, 56 => 36
<12> 3, 24, 32, 33, 36, 37, 46, 47, 48, 52, 55, 56 => 51
<12> 3, 24, 32, 33, 35, 36, 37, 44, 46, 47, 48, 52, 56 => 31
<12> 3, 24, 26, 27, 33, 37, 44, 46, 47, 48 => 43
<12> 3, 22, 26, 27, 33, 37, 44, 46, 47, 48 => 45, 56
<12> 3, 20, 33, 37, 44, 47, 48, 50, 51, 52, 55, 56 => 32, 36, 43
<12> 3, 19, 33, 37, 39, 40, 44 => 36
<12> 3, 19, 32, 33, 36, 37, 43, 44, 48, 51, 52, 56 => 40
<12> 3, 19, 32, 33, 35, 36, 37, 44, 47, 48, 52, 56 => 31, 46
<12> 3, 17, 28, 32, 33, 36, 37, 40, 43, 44, 46, 47, 48, 52, 55, 56 => 31, 35
<12> 3, 15, 33, 36, 37, 40, 45, 46, 47, 48, 52, 55, 56 => 4
<12> 3, 14, 33, 37, 42, 43, 44, 48 => 47
<12> 3, 5, 27, 32, 33, 36, 37, 40, 44, 45, 46, 47, 48, 56 => 26
<12> 3, 5, 16, 32, 33, 36, 37, 44, 47, 48, 52, 55, 56 => 31, 35
<12> 3, 4, 24, 33, 37, 46, 47, 48, 52, 55, 56 => 45
<12> 2, 21, 43, 44, 47, 48, 52, 55, 56 => 4, 46, 51
<12> 2, 21, 40, 43, 44, 51, 52, 56 => 4
<12> 2, 19, 44, 48, 52, 55, 56 => 51
<12> 2, 19, 33, 37, 44, 48, 52 => 56
<12> 2, 13, 40, 41, 42, 43, 44 => 47, 48
<12> 2, 13, 28, 39, 40, 43, 44, 47, 48, 52, 56 => 4
<12> 2, 13, 28, 39, 40, 42, 43, 44, 47, 48 => 26, 46
<12> 2, 12, 37, 40, 43, 44, 46, 47, 48 => 26
<12> 2, 5, 24, 26, 40, 43, 44, 47, 48 => 28
<12> 2, 5, 13, 28, 40, 43, 44, 46, 47, 48 => 26, 42
<12> 2, 5, 13, 28, 37, 40, 43, 44, 47, 48 => 26
<12> 2, 4, 19, 43, 44, 48, 51, 52, 56 => 40
<12> 1, 39, 40, 42, 43, 44, 48, 51, 52, 56 => 47
<12> 1, 31, 32, 33, 35, 36, 37, 43, 44, 45, 46, 47, 48, 51, 52, 55, 56 => 54
<12> 1, 28, 42, 43, 44, 45, 46, 47, 48, 52, 56 => 26
<12> 1, 27, 32, 33, 36, 37, 44, 45, 46, 47, 48, 50, 51, 52, 54, 55, 56 => 4
<12> 1, 24, 26, 44, 46, 47, 48, 51, 52, 55, 56 => 4
<12> 1, 24, 26, 37, 39, 40, 44, 46, 47, 48 => 28
<12> 1, 23, 26, 28, 44, 46, 47, 48, 52, 56 => 43
<12> 1, 23, 26, 27, 44, 46, 47, 48 => 56
<12> 1, 22, 26, 27, 44, 46, 47, 48 => 33, 37
<12> 1, 21, 37, 42, 43, 44, 46, 47, 48, 56 => 26
<12> 1, 21, 27, 37, 44, 46, 47, 48, 56 => 26
<12> 1, 20, 33, 37, 42, 43, 44, 48, 51, 52, 55, 56 => 4
<12> 1, 20, 33, 36, 37, 44, 48, 52, 56 => 51
<12> 1, 19, 37, 44, 48, 52, 55, 56 => 47, 51
<12> 1, 19, 32, 33, 36, 37, 44, 52, 56 => 51
<12> 1, 11, 28, 37, 40, 43, 44, 47, 48, 52, 56 => 4
<12> 1, 10, 39, 40, 44 => 28, 33, 37
<12> 1, 9, 33, 37, 42, 43, 44, 47, 48, 51, 52, 56 => 55
<12> 1, 9, 27, 33, 37, 44, 47, 48, 50, 51, 52, 55, 56 => 4
<12> 1, 9, 26, 33, 37, 44, 46, 47, 48, 50, 51, 52, 54, 55, 56 => 4
<12> 1, 8, 32, 33, 36, 37, 44, 45, 46, 47, 48, 52, 56 => 43
<12> 1, 8, 32, 33, 36, 37, 43, 44, 46, 47, 48, 51, 52, 55, 56 => 50, 54
<12> 1, 5, 21, 37, 44, 47, 48 => 46
<12> 1, 5, 19, 37, 44, 52 => 43
<12> 1, 4, 28, 33, 37, 40, 44, 47, 48, 51, 52, 54, 55, 56 => 50
<12> 1, 4, 28, 32, 33, 36, 37, 40, 44, 47, 48, 50, 51, 52, 55, 56 => 43
<12> 0, 26, 27, 30, 31, 32, 33, 35, 36, 37, 43, 44, 45, 46, 47, 48, 51, 52, 54, 55, 56 => 42
<12> 0, 21, 32, 33, 36, 37, 42, 43, 44, 45, 46, 47, 48, 51, 52, 55, 56 => 31, 35
<12> 0, 20, 31, 32, 33, 35, 36, 37, 42, 43, 44, 47, 48, 51, 52, 55, 56 => 46, 54
<12> 0, 5, 21, 32, 33, 36, 37, 44, 45, 46, 47, 48, 51, 52, 55, 56 => 31, 35
<12> 0, 4, 19, 32, 33, 36, 37, 44, 46, 47, 48, 50, 51, 52, 54, 55, 56 => 43
