<17> 27, 33, 37, 40, 41, 42, 43, 44, 48, 56 => 47
<17> 25, 26, 39, 40, 42, 43, 44, 46, 47, 48 => 52, 56
<17> 24, 41, 42, 43, 44, 47, 48 => 46
<17> 24, 26, 32, 33, 36, 37, 39, 40, 43, 44, 46, 47, 48, 52, 55, 56 => 45
<17> 24, 26, 27, 33, 37, 40, 44, 46, 47, 48, 52, 56 => 45
<17> 23, 26, 27, 42, 43, 44, 45, 46, 47, 48, 52, 55, 56 => 51
<17> 22, 41, 42, 43, 44, 46, 47, 48 => 26
<17> 22, 27, 33, 37, 40, 44, 46, 47, 48, 52, 55, 56 => 51
<17> 21, 41, 42, 43, 44, 47, 48, 52, 56 => 55
<17> 21, 32, 33, 35, 36, 37, 42, 43, 44, 45, 46, 47, 48, 52, 56 => 31, 55
<17> 21, 32, 33, 35, 36, 37, 39, 40, 44, 45, 46, 47, 48, 52, 56 => 31
<17> 21, 26, 28, 40, 42, 43, 44, 45, 46, 47, 48, 52, 56 => 55
<17> 20, 39, 40, 42, 43, 44, 48, 51, 52, 56 => 47
<17> 19, 33, 37, 39, 40, 47, 48, 50, 51, 52, 55, 56 => 32, 36
<17> 17, 28, 32, 33, 36, 37, 40, 42, 43, 44, 46, 47, 48, 52, 56 => 31, 35
<17> 17, 27, 32, 33, 36, 37, 40, 44, 46, 47, 48, 52, 56 => 45
<17> 14, 33, 37, 40, 43, 44, 48, 56 => 47
<17> 11, 28, 40, 43, 44, 47, 48, 52, 55, 56 => 4
<17> 5, 33, 36, 37, 40, 41, 42, 43, 44, 52 => 32
<17> 5, 27, 39, 40, 47, 48 => 37
<17> 5, 27, 32, 33, 36, 37, 40, 44, 46, 47, 48, 51, 52, 54, 55, 56 => 45
<17> 5, 14, 44, 46, 47, 48 => 26
<17> 5, 11, 39, 40, 44 => 28
<17> 4, 23, 26, 31, 32, 33, 36, 37, 44, 45, 46, 47, 48, 51, 52, 55, 56 => 43
<17> 4, 21, 33, 37, 45, 46, 47, 48, 51, 52, 54, 55, 56 => 32, 36
<17> 4, 20, 33, 37, 42, 43, 44, 46, 47, 48, 51, 52, 55, 56 => 32, 36
<17> 3, 25, 32, 33, 36, 37, 44, 47, 48 => 40
<17> 3, 24, 33, 36, 37, 46, 47, 48, 52, 56 => 32
<17> 3, 24, 33, 36, 37, 40, 46, 47, 48 => 32
<17> 3, 24, 26, 33, 37, 46, 47, 48, 52, 56 => 45
<17> 3, 20, 33, 37, 44, 46, 47, 48, 51, 52, 55, 56 => 32, 36
<17> 3, 17, 27, 32, 33, 36, 37, 44, 46, 47, 48, 52, 56 => 43
<17> 3, 15, 33, 37, 40, 42, 43, 44, 46, 47, 48, 56 => 32, 36
<17> 3, 15, 28, 33, 37, 40, 48, 51, 52, 56 => 4
<17> 3, 5, 33, 37, 44, 48, 51, 52, 56 => 32, 36, 47, 55
<17> 3, 5, 32, 33, 36, 37, 39, 40, 43, 44, 46, 47, 48, 52, 56 => 31, 35
<17> 2, 28, 37, 39, 40, 43, 44, 47, 48, 52, 56 => 4
<17> 2, 20, 43, 44, 47, 48, 52, 56 => 51
<17> 2, 13, 39, 40, 43, 44 => 28, 48
<17> 2, 4, 27, 42, 43, 44, 52, 56 => 37
<17> 2, 4, 26, 27, 44, 46, 47, 48, 52, 55, 56 => 43
<17> 1, 39, 40, 44, 45, 46, 47, 48, 52, 56 => 43
<17> 1, 37, 41, 42, 43, 44 => 33
<17> 1, 27, 32, 33, 36, 37, 42, 43, 44, 47, 48, 52, 56 => 46
<17> 1, 21, 37, 44, 47, 48, 51, 52, 56 => 55
<17> 1, 21, 33, 37, 44, 46, 47, 48, 52, 55, 56 => 26
<17> 1, 10, 33, 36, 37, 44, 47, 48, 52, 55, 56 => 4, 51
<17> 1, 9, 33, 37, 43, 44, 47, 48, 50, 51, 52, 55, 56 => 4
<17> 1, 9, 28, 33, 36, 37, 39, 40, 44, 46, 47, 48, 52, 56 => 26
<17> 1, 9, 27, 33, 36, 37, 44, 48, 52, 56 => 32
<17> 1, 9, 26, 33, 37, 39, 40, 43, 44, 47, 48, 52, 56 => 36
<17> 1, 5, 44, 48, 52, 55, 56 => 33, 37
<17> 1, 5, 9, 26, 33, 37, 40, 44, 47, 48, 52, 56 => 36
<17> 0, 31, 32, 33, 34, 35, 36, 37, 43, 44, 45, 46, 47, 48, 49, 50, 51, 52, 53, 54, 55, 56 => 30
<17> 0, 17, 32, 33, 36, 37, 43, 44, 45, 46, 47, 48, 51, 52, 55, 56 => 54
<17> 0, 8, 32, 33, 36, 37, 43, 44, 46, 47, 48, 50, 51, 52, 54, 55, 56 => 4
<17> 0, 8, 31, 32, 33, 35, 36, 37, 43, 44, 47, 48, 51, 52, 55, 56 => 40
<17> 0, 6, 31, 32, 33, 34, 35, 36, 37, 44, 45, 46, 47, 48, 49, 50, 51, 52, 53, 54, 55, 56 => 30
<17> 0, 6, 26, 31, 32, 33, 35, 36, 37, 44, 45, 46, 47, 48, 50, 51, 52, 53, 54, 55, 56 => 4
<17> 0, 4, 31, 32, 33, 34, 35, 36, 37, 44, 45, 46, 47, 48, 49, 50, 51, 52, 53, 54, 55, 56 => 30
