<30> 24, 28, 45, 46, 47, 48, 56 => 40, 52
<30> 21, 33, 37, 39, 40, 46, 47, 48, 56 => 52
<30> 20, 33, 36, 37, 39, 40, 44, 48, 52 => 32
<30> 20, 27, 44 => 37, 48, 52
<30> 19, 37, 39, 40, 47, 48, 52, 56 => 33
<30> 19, 33, 37, 39, 40, 48, 52, 56 => 47
<30> 17, 28, 32, 33, 36, 37, 44, 46, 47, 48, 56 => 40
<30> 8, 28, 32, 33, 36, 37, 47, 48, 52, 56 => 40
<30> 5, 39, 40, 42, 43, 44, 48, 51, 52, 56 => 47
<30> 5, 33, 37, 40, 47, 48, 50, 51, 52, 55, 56 => 32, 36
<30> 4, 24, 32, 33, 36, 37, 46, 47, 48, 52, 55, 56 => 51
<30> 4, 17, 32, 33, 36, 37, 44, 46, 47, 48, 52, 55, 56 => 43, 51
<30> 4, 14, 44, 48, 52, 56 => 37
<30> 4, 11, 43, 44, 48, 52, 56 => 40, 47
<30> 3, 4, 16, 32, 33, 36, 37, 44, 48, 52, 56 => 46, 47, 51, 55
<30> 2, 13, 44, 48, 52, 55, 56 => 47
<30> 2, 5, 12, 43, 44 => 48
<30> 2, 4, 13, 44, 48, 52, 56 => 47
<30> 2, 4, 12, 43, 44, 52, 56 => 40
<30> 1, 9, 33, 36, 37, 44, 51, 52, 56 => 32
<30> 1, 5, 27, 44, 48 => 37, 43
<30> 1, 4, 9, 33, 37, 44, 48, 52, 56 => 47, 51
<30> 0, 4, 6, 32, 33, 36, 37, 46, 47, 48, 51, 52, 54, 55, 56 => 31, 35, 44, 45, 50
