<18> 29, 33, 37, 44, 46, 47, 48, 51, 52, 54, 55, 56 => 45, 50
<18> 29, 33, 37, 44, 46, 47, 48, 50, 51, 52, 55, 56 => 45, 54
<18> 29, 33, 37, 44, 45, 46, 47, 48, 51, 52, 55, 56 => 50, 54
<18> 25, 31, 32, 33, 35, 36, 37, 44, 47, 48, 50, 51, 52, 55, 56 => 26
<18> 25, 28, 40, 44, 45, 46, 47, 48, 52, 55, 56 => 51
<18> 24, 26, 27, 33, 36, 37, 44, 46, 47, 48, 56 => 32, 52
<18> 23, 26, 37, 41, 42, 43, 44, 46, 47, 48 => 33
<18> 21, 28, 40, 42, 43, 44, 45, 46, 47, 48, 56 => 26
<18> 20, 41, 42, 43, 44, 52 => 33, 37, 48
<18> 19, 32, 33, 36, 37, 42, 43, 44, 47, 48, 50, 51, 52, 55, 56 => 46
<18> 17, 32, 33, 36, 37, 39, 40, 44, 46, 47, 48, 52, 56 => 45
<18> 11, 26, 40, 43, 44, 46, 47, 48, 51, 52, 56 => 55
<18> 8, 28, 32, 33, 36, 37, 40, 45, 46, 47, 48, 52, 56 => 26
<18> 8, 27, 32, 33, 36, 37, 47, 48, 52, 55, 56 => 51
<18> 5, 33, 36, 37, 40, 41, 42, 43, 44, 48, 56 => 32
<18> 5, 28, 32, 33, 36, 37, 40, 47, 48, 50, 51, 52, 55, 56 => 31, 35
<18> 5, 25, 26, 35, 36, 37, 44, 47, 48 => 40
<18> 5, 21, 44, 48, 51, 52, 56 => 37
<18> 5, 20, 32, 33, 35, 36, 37, 44, 47, 48, 51, 52, 55, 56 => 31
<18> 5, 19, 47, 48, 51, 52, 56 => 55
<18> 5, 19, 27, 44, 52 => 43
<18> 4, 27, 41, 42, 43, 44, 52, 56 => 37, 51
<18> 3, 27, 33, 37, 40, 42, 43, 44, 46, 47, 48, 56 => 32, 36
<18> 3, 27, 33, 36, 37, 40, 42, 43, 44, 46, 47, 48 => 32, 56
<18> 3, 23, 26, 33, 37, 44, 46, 47, 48, 56 => 45, 52
<18> 3, 20, 28, 33, 36, 37, 40, 44, 48, 52 => 43
<18> 3, 5, 32, 33, 36, 37, 40, 42, 43, 44, 45, 46, 47, 48, 52, 56 => 31, 35
<18> 3, 5, 27, 33, 37, 44, 45, 46, 47, 48, 56 => 32, 36
<18> 3, 5, 16, 32, 33, 36, 37, 39, 40, 44, 47, 48, 52, 56 => 31, 35
<18> 3, 5, 15, 33, 36, 37, 44, 47, 48 => 46
<18> 3, 4, 15, 26, 33, 37, 44, 46, 47, 48, 52, 55, 56 => 43
<18> 2, 27, 40, 43, 44, 48, 52, 55, 56 => 51
<18> 2, 13, 28, 37, 40, 43, 44, 47, 48, 52, 56 => 4
<18> 1, 33, 36, 37, 39, 40, 42, 43, 44 => 52
<18> 1, 28, 33, 36, 37, 44, 45, 46, 47, 48, 52, 56 => 40, 43
<18> 1, 24, 26, 28, 44, 46, 47, 48 => 37
<18> 1, 10, 28, 44, 48, 52, 55, 56 => 4, 43
<18> 1, 5, 27, 37, 40, 43, 44, 47, 48 => 46
<18> 1, 5, 26, 28, 33, 36, 37, 40, 44, 47, 48, 52, 56 => 39
<18> 0, 17, 31, 32, 33, 35, 36, 37, 44, 45, 46, 47, 48, 51, 52, 54, 55, 56 => 50
<18> 0, 7, 28, 32, 33, 36, 37, 40, 42, 43, 44, 47, 48, 51, 52, 55, 56 => 31, 35
