<20> 37, 38, 39, 40, 56 => 52
<20> 37, 38, 39, 40, 52 => 56
<20> 31, 32, 33, 34, 35, 36, 37, 44, 45, 46, 47, 48, 49, 50, 51, 52, 54, 55, 56 => 53
<20> 29 => 33, 37, 44, 46, 47, 48, 52, 55, 56
<20> 27, 33, 37, 41, 42, 43, 44, 45, 46, 47, 48, 56 => 52
<20> 27, 32, 33, 36, 37, 42, 43, 44, 45, 46, 47, 48, 50, 51, 52, 53, 54, 55, 56 => 31, 35
<20> 25, 33, 37, 39, 40, 47, 48, 51, 52, 55, 56 => 32, 36
<20> 25, 28, 33, 37, 40, 44, 45, 46, 47, 48, 52, 56 => 32, 36
<20> 24, 39, 40, 44, 45, 46, 47, 48, 52, 55, 56 => 43
<20> 24, 33, 37, 43, 44, 45, 46, 47, 48, 50, 51, 52, 54, 55, 56 => 4
<20> 23, 26, 27, 37, 40, 44, 46, 47, 48 => 56
<20> 22, 27, 33, 36, 37, 44, 45, 46, 47, 48, 52, 55, 56 => 51
<20> 21, 41, 42, 43, 44, 48 => 47
<20> 21, 39, 40, 45, 46, 47, 48, 52, 56 => 32, 33, 36, 37
<20> 21, 28, 32, 33, 35, 36, 37, 40, 44, 45, 46, 47, 48, 52, 56 => 31
<20> 21, 26, 33, 37, 43, 44, 46, 47, 48, 51, 52, 54, 55, 56 => 45
<20> 19, 37, 42, 43, 44, 47, 48, 50, 51, 52, 55, 56 => 33
<20> 19, 32, 33, 36, 37, 40, 43, 44, 47, 48, 50, 51, 52, 55, 56 => 46
<20> 19, 28, 37, 40, 47, 48, 50, 51, 52, 55, 56 => 33
<20> 19, 27, 42, 43, 44, 48, 52 => 56
<20> 19, 27, 40, 44, 52 => 43
<20> 18, 44, 52, 56 => 37
<20> 18, 37, 44, 52 => 56
<20> 14, 27, 44, 48, 52 => 56
<20> 8, 33, 37, 40, 42, 43, 44, 48, 52, 56 => 46, 47
<20> 8, 32, 33, 35, 36, 37, 40, 44, 45, 46, 47, 48, 52, 55, 56 => 31
<20> 5, 32, 33, 36, 37, 40, 42, 43, 44, 46, 47, 48, 51, 52, 54, 55, 56 => 31, 35
<20> 5, 32, 33, 36, 37, 39, 40, 47, 48, 50, 51, 52, 55, 56 => 31, 35
<20> 5, 25, 26, 37, 42, 43, 44, 47, 48, 52, 56 => 33
<20> 5, 24, 33, 37, 45, 46, 47, 48, 56 => 26
<20> 5, 23, 26, 37, 39, 40, 46, 47, 48 => 33
<20> 5, 21, 44, 47, 48, 52, 55, 56 => 33, 37, 45, 46
<20> 5, 19, 48, 52, 55, 56 => 47
<20> 5, 19, 46, 47, 48, 52, 56 => 33, 37
<20> 4, 25, 26, 27, 37, 44, 46, 47, 48, 52, 55, 56 => 51
<20> 4, 22, 26, 27, 33, 37, 44, 46, 47, 48, 52, 55, 56 => 51
<20> 4, 19, 40, 44, 46, 47, 48, 51, 52, 55, 56 => 43
<20> 3, 22, 26, 33, 36, 37, 44, 46, 47, 48, 56 => 32
<20> 3, 21, 33, 37, 40, 44, 47, 48 => 43
<20> 3, 20, 33, 37, 44, 47, 48, 51, 52, 56 => 55
<20> 3, 20, 33, 36, 37, 44, 47, 48, 52, 56 => 32
<20> 3, 15, 28, 33, 37, 40, 48, 56 => 52
<20> 2, 20, 28, 43, 44, 48 => 40
<20> 2, 13, 28, 40, 43, 44, 46, 47, 48, 52, 56 => 4
<20> 2, 5, 41, 42, 43, 44 => 48
<20> 2, 5, 13, 43, 44, 46, 47, 48 => 40
<20> 1, 32, 33, 36, 37, 43, 44, 45, 46, 47, 48, 50, 51, 52, 54, 55, 56 => 4
<20> 1, 32, 33, 35, 36, 37, 44, 47, 48, 52, 56 => 31, 43
<20> 1, 31, 32, 33, 36, 37, 44, 47, 48, 52, 56 => 35, 43
<20> 1, 27, 33, 36, 37, 40, 44, 47, 48 => 46
<20> 1, 26, 32, 33, 36, 37, 44, 45, 46, 47, 48, 50, 51, 52, 54, 55, 56 => 4
<20> 1, 25, 44, 47, 48, 56 => 52
<20> 1, 20, 37, 44, 51, 52, 56 => 33
<20> 1, 20, 37, 40, 44, 52 => 43
<20> 1, 19, 37, 40, 44, 52 => 43
<20> 1, 10, 33, 36, 37, 44 => 47, 48
<20> 1, 5, 44, 51, 52, 56 => 37
<20> 1, 5, 26, 28, 37, 42, 43, 44, 47, 48 => 33
<20> 1, 5, 9, 26, 33, 37, 44, 47, 48 => 40
<20> 0, 23, 26, 31, 32, 33, 35, 36, 37, 45, 46, 47, 48, 52, 55, 56 => 51
<20> 0, 8, 32, 33, 36, 37, 40, 45, 46, 47, 48, 52, 56 => 26
<20> 0, 5, 7, 26, 32, 33, 36, 37, 45, 46, 47, 48, 52, 55, 56 => 43, 44
