<10> 39, 40, 41, 42, 43, 44, 48, 52, 55, 56 => 37
<10> 32, 33, 36, 37, 38, 39, 40, 47, 48, 51, 52, 54, 55, 56 => 50
<10> 32, 33, 36, 37, 38, 39, 40, 47, 48, 50, 51, 52, 55, 56 => 54
<10> 29, 33, 37, 44, 45, 46, 47, 48, 50, 51, 52, 53, 54, 55, 56 => 32, 36
<10> 27, 32, 33, 36, 37, 40, 41, 42, 43, 44, 45, 46, 47, 48, 52, 56 => 26
<10> 26, 27, 32, 33, 36, 37, 40, 41, 42, 43, 44, 46, 47, 48, 52, 56 => 45
<10> 25, 28, 32, 33, 36, 37, 40, 44, 46, 47, 48, 50, 51, 52, 54, 55, 56 => 4
<10> 25, 26, 32, 33, 36, 37, 42, 43, 44, 47, 48, 50, 51, 52, 55, 56 => 31, 35
<10> 25, 26, 27, 32, 33, 36, 37, 44, 45, 46, 47, 48, 50, 51, 52, 54, 55, 56 => 31, 35
<10> 24, 32, 33, 36, 37, 41, 42, 43, 44, 46, 47, 48 => 56
<10> 24, 26, 32, 33, 36, 37, 39, 40, 42, 43, 44, 46, 47, 48, 52, 56 => 45
<10> 21, 33, 37, 45, 46, 47, 48, 50, 51, 52, 53, 54, 55, 56 => 32, 36, 44
<10> 21, 27, 41, 42, 43, 44 => 37, 56
<10> 21, 27, 33, 36, 37, 40, 43, 44, 46, 47, 48, 52, 55, 56 => 51
<10> 21, 26, 27, 32, 33, 36, 37, 42, 43, 44, 46, 47, 48, 52, 56 => 45
<10> 20, 32, 33, 36, 37, 43, 44, 45, 46, 47, 48, 49, 50, 51, 52, 54, 55, 56 => 31, 35, 40
<10> 20, 31, 32, 33, 35, 36, 37, 44, 45, 46, 47, 48, 49, 50, 51, 52, 53, 54, 55, 56 => 4
<10> 20, 27, 32, 33, 36, 37, 44, 46, 47, 48, 51, 52, 54, 55, 56 => 50
<10> 20, 27, 32, 33, 36, 37, 42, 43, 44, 47, 48, 51, 52, 55, 56 => 46
<10> 19, 32, 33, 36, 37, 43, 44, 45, 46, 47, 48, 50, 51, 52, 53, 54, 55, 56 => 0, 31, 35, 49
<10> 19, 28, 40, 41, 42, 43, 44, 52 => 37
<10> 18, 39, 40, 44, 52 => 48
<10> 18, 33, 37, 44, 45, 46, 47, 48, 52, 56 => 32, 36, 40, 51, 54, 55
<10> 18, 33, 37, 43, 44, 46, 47, 48, 51, 52, 54, 55, 56 => 50
<10> 18, 32, 33, 35, 36, 37, 40, 44, 46, 47, 48, 52, 56 => 31, 51, 54, 55
<10> 18, 31, 32, 33, 36, 37, 40, 44, 46, 47, 48, 52, 56 => 35, 51, 54, 55
<10> 18, 28, 37, 44, 47, 48, 51, 52, 55, 56 => 40
<10> 17, 31, 32, 33, 35, 36, 37, 41, 42, 43, 44, 46, 47, 48, 52, 56 => 55
<10> 17, 26, 31, 32, 33, 35, 36, 37, 44, 45, 46, 47, 48, 50, 51, 52, 54, 55, 56 => 0
<10> 17, 26, 28, 32, 33, 36, 37, 40, 44, 45, 46, 47, 48, 51, 52, 55, 56 => 4, 31, 35, 43
<10> 8, 32, 33, 36, 37, 42, 43, 44, 45, 46, 47, 48, 51, 52, 54, 55, 56 => 40
<10> 8, 24, 33, 37, 46, 47, 48, 52, 56 => 26, 36
<10> 5, 37, 39, 40, 41, 42, 43, 44, 46, 47, 48 => 33
<10> 5, 33, 37, 45, 46, 47, 48, 50, 51, 52, 53, 54, 55, 56 => 32, 36, 44
<10> 5, 33, 37, 39, 40, 41, 42, 43, 44, 47, 48 => 46
<10> 5, 28, 33, 37, 38, 39, 40, 44, 52, 56 => 32, 36
<10> 5, 27, 33, 37, 41, 42, 43, 44, 45, 46, 47, 48, 52, 56 => 32, 36
<10> 5, 27, 31, 32, 33, 35, 36, 37, 40, 44, 45, 46, 47, 48, 50, 51, 52, 54, 55, 56 => 0
<10> 5, 26, 31, 32, 33, 35, 36, 37, 40, 42, 43, 44, 45, 46, 47, 48, 51, 52, 54, 55, 56 => 0
<10> 5, 25, 26, 33, 37, 42, 43, 44, 47, 48, 52, 55, 56 => 32, 36
<10> 5, 24, 26, 27, 33, 37, 43, 44, 46, 47, 48, 56 => 42
<10> 5, 21, 39, 40, 42, 43, 44, 46, 47, 48 => 26
<10> 5, 21, 28, 33, 37, 40, 42, 43, 44, 46, 47, 48 => 36
<10> 5, 21, 28, 32, 33, 36, 37, 40, 44, 45, 46, 47, 48, 52, 56 => 31, 35
<10> 5, 19, 28, 33, 37, 40, 47, 48, 52, 56 => 32, 36
<10> 5, 17, 31, 32, 33, 35, 36, 37, 44, 45, 46, 47, 48, 50, 51, 52, 54, 55, 56 => 0
<10> 5, 17, 31, 32, 33, 35, 36, 37, 40, 44, 46, 47, 48, 51, 52, 55, 56 => 45
<10> 5, 17, 27, 32, 33, 36, 37, 40, 44, 45, 46, 47, 48, 52, 56 => 31, 35
<10> 5, 8, 32, 33, 36, 37, 45, 46, 47, 48, 52, 56 => 26
<10> 4, 37, 38, 39, 40, 48, 52, 56 => 47
<10> 4, 31, 32, 33, 36, 37, 40, 41, 42, 43, 44, 46, 47, 48, 50, 51, 52, 55, 56 => 28
<10> 4, 27, 33, 37, 41, 42, 43, 44, 45, 46, 47, 48, 51, 52, 55, 56 => 26
<10> 4, 27, 32, 33, 36, 37, 39, 40, 43, 44, 45, 46, 47, 48, 51, 52, 55, 56 => 31, 35
<10> 4, 25, 26, 27, 33, 36, 37, 44, 45, 46, 47, 48, 51, 52, 54, 55, 56 => 50
<10> 4, 23, 26, 27, 33, 37, 40, 44, 45, 46, 47, 48, 51, 52, 55, 56 => 32, 36
<10> 4, 21, 33, 37, 39, 40, 46, 47, 48, 51, 52, 54, 55, 56 => 50
<10> 4, 20, 31, 32, 33, 35, 36, 37, 44, 45, 46, 47, 48, 50, 51, 52, 53, 54, 55, 56 => 49
<10> 4, 18, 37, 44, 52, 56 => 51
<10> 3, 26, 32, 33, 36, 37, 39, 40, 44, 47, 48, 52, 55, 56 => 43
<10> 3, 25, 26, 32, 33, 36, 37, 40, 42, 43, 44, 47, 48 => 52, 56
<10> 3, 24, 33, 37, 39, 40, 44, 46, 47, 48 => 32, 36
<10> 3, 23, 26, 33, 37, 44, 45, 46, 47, 48, 51, 52, 55, 56 => 4
<10> 3, 21, 26, 33, 37, 40, 43, 44, 46, 47, 48, 52, 55, 56 => 32, 36
<10> 3, 16, 32, 33, 36, 37, 43, 44, 46, 47, 48, 50, 51, 52, 54, 55, 56 => 42
<10> 3, 16, 32, 33, 36, 37, 41, 42, 43, 44, 45, 46, 47, 48, 52, 56 => 26
<10> 3, 16, 32, 33, 36, 37, 40, 41, 42, 43, 44, 46, 47, 48, 52, 55, 56 => 28
<10> 3, 16, 31, 32, 33, 36, 37, 41, 42, 43, 44, 46, 47, 48, 52, 56 => 40
<10> 3, 16, 31, 32, 33, 36, 37, 40, 44, 47, 48, 50, 51, 52, 55, 56 => 28
<10> 3, 15, 33, 37, 41, 42, 43, 44, 48, 51, 52, 56 => 4, 40
<10> 3, 15, 33, 37, 40, 41, 42, 43, 44, 48, 52, 56 => 4, 51
<10> 3, 5, 22, 26, 33, 37, 44, 46, 47, 48, 56 => 45
<10> 3, 5, 19, 33, 37, 44, 48 => 36
<10> 3, 4, 15, 27, 33, 37, 44, 46, 47, 48, 51, 52, 55, 56 => 43, 45
<10> 2, 23, 39, 40, 43, 44, 48 => 28
<10> 2, 23, 26, 37, 43, 44, 46, 47, 48, 52, 56 => 4, 55
<10> 2, 21, 33, 37, 43, 44, 47, 48 => 46
<10> 2, 19, 28, 40, 43, 44, 48, 51, 52, 56 => 42
<10> 2, 14, 27, 33, 37, 44, 47, 48, 51, 52, 56 => 55
<10> 2, 13, 27, 33, 37, 44, 48 => 52, 56
<10> 2, 13, 26, 40, 41, 42, 43, 44, 47, 48 => 46
<10> 2, 12, 37, 40, 43, 44, 51, 52, 56 => 4
<10> 2, 12, 28, 37, 40, 43, 44, 48, 56 => 52
<10> 2, 12, 28, 37, 40, 43, 44, 48, 52 => 56
<10> 2, 12, 20, 43, 44, 48 => 40, 52
<10> 2, 4, 20, 40, 43, 44, 47, 48, 51, 52, 56 => 28
<10> 1, 33, 37, 39, 40, 44, 47, 48, 51, 52, 54, 55, 56 => 4, 50
<10> 1, 33, 37, 39, 40, 42, 43, 44, 47, 48, 51, 52, 55, 56 => 32, 36
<10> 1, 25, 39, 40, 44, 47, 48 => 26, 33, 37
<10> 1, 24, 26, 28, 33, 37, 44, 46, 47, 48, 52, 56 => 36
<10> 1, 22, 26, 32, 33, 36, 37, 40, 44, 46, 47, 48 => 52, 56
<10> 1, 21, 37, 39, 40, 44, 46, 47, 48 => 33
<10> 1, 21, 33, 37, 44, 45, 46, 47, 48, 52, 56 => 26, 43
<10> 1, 20, 28, 33, 37, 43, 44, 52, 56 => 51
<10> 1, 20, 27, 33, 37, 44, 48, 52, 56 => 43
<10> 1, 10, 22, 26, 44, 46, 47, 48 => 52, 56
<10> 1, 9, 33, 37, 39, 40, 43, 44, 48, 52, 55, 56 => 32, 36
<10> 1, 9, 28, 33, 37, 40, 42, 43, 44, 46, 47, 48 => 26
<10> 1, 8, 28, 33, 36, 37, 44, 47, 48, 52, 56 => 46
<10> 1, 8, 26, 32, 33, 36, 37, 43, 44, 46, 47, 48, 52, 55, 56 => 45
<10> 1, 5, 37, 44, 47, 48, 51, 52, 56 => 33, 55
<10> 1, 5, 33, 37, 42, 43, 44, 47, 48, 52, 55, 56 => 46
<10> 1, 5, 33, 37, 40, 44, 48, 52, 55, 56 => 43
<10> 1, 5, 26, 32, 33, 36, 37, 43, 44, 45, 46, 47, 48, 52, 56 => 40
<10> 1, 4, 33, 37, 40, 42, 43, 44, 47, 48, 50, 51, 52, 55, 56 => 32, 36, 54
<10> 1, 4, 32, 33, 36, 37, 39, 40, 44, 47, 48, 50, 51, 52, 55, 56 => 43
<10> 1, 4, 24, 26, 33, 37, 44, 46, 47, 48, 52, 55, 56 => 51
<10> 1, 4, 9, 27, 32, 33, 36, 37, 44, 46, 47, 48, 51, 52, 55, 56 => 54
<10> 0, 32, 33, 36, 37, 41, 42, 43, 44, 45, 46, 47, 48, 50, 51, 52, 54, 55, 56 => 31, 35
<10> 0, 27, 30, 31, 32, 33, 35, 36, 37, 40, 43, 44, 45, 46, 47, 48, 51, 52, 54, 55, 56 => 34
<10> 0, 23, 26, 27, 32, 33, 36, 37, 44, 45, 46, 47, 48, 51, 52, 55, 56 => 43, 50, 54
<10> 0, 19, 32, 33, 36, 37, 39, 40, 46, 47, 48, 50, 51, 52, 54, 55, 56 => 45
<10> 0, 19, 31, 32, 33, 35, 36, 37, 44, 45, 46, 47, 48, 49, 50, 51, 52, 53, 54, 55, 56 => 43
<10> 0, 6, 27, 31, 32, 33, 34, 35, 36, 37, 44, 45, 46, 47, 48, 51, 52, 54, 55, 56 => 30, 43
<10> 0, 5, 7, 27, 32, 33, 36, 37, 44, 45, 46, 47, 48, 51, 52, 55, 56 => 43
<10> 0, 4, 20, 31, 32, 33, 35, 36, 37, 44, 45, 46, 47, 48, 50, 51, 52, 54, 55, 56 => 49
