<4> 31, 32, 33, 35, 36, 37, 41, 42, 43, 44, 46, 47, 48, 49, 50, 51, 52, 54, 55, 56 => 0, 45, 53
<4> 26, 31, 32, 33, 35, 36, 37, 39, 40, 41, 42, 43, 44, 45, 46, 47, 48, 51, 52, 55, 56 => 0
<4> 25, 26, 27, 37, 40, 41, 42, 43, 44, 48 => 5
<4> 24, 33, 37, 44, 46, 47, 48, 49, 50, 51, 52, 54, 55, 56 => 4, 32, 36, 40, 43, 45, 53
<4> 24, 32, 33, 36, 37, 40, 41, 42, 43, 44, 46, 47, 48, 50, 51, 52, 54, 55, 56 => 28
<4> 24, 28, 32, 33, 36, 37, 40, 41, 42, 43, 44, 46, 47, 48, 51, 52, 55, 56 => 50, 54
<4> 24, 26, 33, 37, 38, 39, 40, 44, 46, 47, 48, 52, 56 => 32, 36
<4> 24, 26, 31, 32, 33, 35, 36, 37, 40, 41, 42, 43, 44, 45, 46, 47, 48, 51, 52, 55, 56 => 0
<4> 24, 26, 27, 39, 40, 44, 46, 47, 48, 52, 56 => 43, 45
<4> 24, 26, 27, 32, 33, 36, 37, 41, 42, 43, 44, 46, 47, 48, 52, 56 => 51, 55
<4> 23, 26, 39, 40, 41, 42, 43, 44, 46, 47, 48 => 28, 33, 37
<4> 23, 26, 31, 32, 33, 36, 37, 40, 41, 42, 43, 44, 45, 46, 47, 48, 52, 56 => 55
<4> 23, 26, 28, 32, 33, 36, 37, 39, 40, 42, 43, 44, 45, 46, 47, 48, 52, 55, 56 => 0
<4> 23, 26, 28, 31, 32, 33, 35, 36, 37, 40, 42, 43, 44, 45, 46, 47, 48, 51, 52, 55, 56 => 0
<4> 23, 26, 27, 32, 33, 36, 37, 44, 45, 46, 47, 48, 50, 51, 52, 53, 54, 55, 56 => 4, 31, 35, 40, 43
<4> 22, 29, 33, 37, 44, 46, 47, 48, 52, 55, 56 => 26, 45
<4> 22, 26, 39, 40, 41, 42, 43, 44, 46, 47, 48 => 28
<4> 22, 26, 33, 37, 38, 39, 40, 44, 46, 47, 48 => 28
<4> 22, 26, 32, 33, 36, 37, 40, 41, 42, 43, 44, 45, 46, 47, 48, 52, 56 => 3
<4> 22, 26, 27, 33, 37, 41, 42, 43, 44, 46, 47, 48, 52, 55, 56 => 4, 45, 51
<4> 21, 37, 38, 39, 40, 46, 47, 48 => 28, 32, 33, 36, 52, 56
<4> 21, 27, 37, 40, 41, 42, 43, 44, 52, 56 => 51
<4> 20, 32, 33, 36, 37, 41, 42, 43, 44, 46, 47, 48, 51, 52, 54, 55, 56 => 4, 40
<4> 20, 32, 33, 36, 37, 41, 42, 43, 44, 45, 46, 47, 48, 51, 52, 55, 56 => 31, 35
<4> 20, 27, 31, 32, 33, 35, 36, 37, 40, 44, 46, 47, 48, 51, 52, 55, 56 => 43, 45, 50, 54
<4> 19, 37, 38, 39, 40 => 28, 32, 33, 36, 51, 52, 56
<4> 19, 29, 33, 37, 44, 46, 47, 48, 52, 55, 56 => 51
<4> 19, 27, 37, 41, 42, 43, 44, 52 => 33
<4> 18, 32, 33, 36, 37, 40, 42, 43, 44, 46, 47, 48, 50, 51, 52, 54, 55, 56 => 31, 35
<4> 18, 28, 33, 37, 40, 42, 43, 44, 47, 48, 52, 56 => 3
<4> 18, 27, 33, 37, 40, 43, 44, 46, 47, 48, 52, 56 => 32, 36
<4> 18, 21, 37, 42, 43, 44, 47, 48, 51, 52, 55, 56 => 4
<4> 18, 21, 27, 37, 43, 44, 51, 52, 56 => 4
<4> 17, 27, 32, 33, 36, 37, 44, 45, 46, 47, 48, 50, 51, 52, 53, 54, 55, 56 => 0, 31, 35, 42, 43, 49
<4> 17, 26, 32, 33, 36, 37, 44, 45, 46, 47, 48, 50, 51, 52, 53, 54, 55, 56 => 49
<4> 17, 26, 31, 32, 33, 35, 36, 37, 39, 40, 44, 45, 46, 47, 48, 51, 52, 54, 55, 56 => 43
<4> 17, 24, 26, 32, 33, 36, 37, 39, 40, 44, 45, 46, 47, 48, 52, 56 => 28, 31, 35, 43
<4> 17, 24, 26, 28, 32, 33, 36, 37, 40, 44, 45, 46, 47, 48, 52, 56 => 31, 35, 39, 43
<4> 17, 24, 26, 27, 32, 33, 36, 37, 40, 44, 45, 46, 47, 48, 52, 56 => 51, 55
<4> 17, 23, 26, 32, 33, 36, 37, 43, 44, 45, 46, 47, 48, 51, 52, 55, 56 => 4
<4> 17, 23, 26, 32, 33, 36, 37, 40, 43, 44, 45, 46, 47, 48, 52, 56 => 31, 35
<4> 17, 23, 26, 31, 32, 33, 35, 36, 37, 43, 44, 45, 46, 47, 48, 52, 56 => 40
<4> 17, 22, 32, 33, 36, 37, 40, 43, 44, 45, 46, 47, 48, 51, 52, 55, 56 => 42
<4> 17, 22, 32, 33, 36, 37, 40, 42, 43, 44, 45, 46, 47, 48, 52, 56 => 51, 55
<4> 17, 22, 31, 32, 33, 35, 36, 37, 43, 44, 45, 46, 47, 48, 52, 56 => 40
<4> 17, 22, 27, 32, 33, 36, 37, 43, 44, 45, 46, 47, 48, 52, 56 => 40
<4> 17, 22, 26, 32, 33, 36, 37, 43, 44, 45, 46, 47, 48, 51, 52, 55, 56 => 4
<4> 17, 21, 32, 33, 36, 37, 40, 43, 44, 45, 46, 47, 48, 52, 55, 56 => 31, 35, 51, 54
<4> 17, 19, 28, 32, 33, 36, 37, 40, 43, 44, 46, 47, 48, 51, 52, 55, 56 => 4
<4> 14, 24, 26, 28, 33, 37, 40, 43, 44, 46, 47, 48 => 42
<4> 14, 23, 26, 40, 43, 44, 46, 47, 48 => 28
<4> 14, 23, 26, 33, 37, 43, 44, 46, 47, 48, 56 => 4, 42, 45, 51, 52, 55
<4> 14, 22, 26, 37, 42, 43, 44, 46, 47, 48 => 33
<4> 14, 22, 26, 37, 40, 43, 44, 46, 47, 48 => 28
<4> 11, 37, 40, 41, 42, 43, 44, 47, 48 => 33
<4> 11, 28, 37, 38, 39, 40, 44 => 26, 46, 47, 48
<4> 11, 26, 40, 41, 42, 43, 44, 47, 48 => 46
<4> 11, 25, 26, 40, 43, 44, 46, 47, 48, 52, 55, 56 => 51
<4> 11, 25, 26, 39, 40, 43, 44, 47, 48 => 28
<4> 11, 24, 26, 40, 43, 44, 46, 47, 48, 52, 55, 56 => 4
<4> 11, 23, 26, 39, 40, 44, 46, 47, 48 => 28, 37
<4> 11, 22, 26, 40, 43, 44, 46, 47, 48, 52, 55, 56 => 4, 51
<4> 11, 22, 26, 28, 40, 43, 44, 46, 47, 48 => 56
<4> 11, 21, 26, 33, 37, 40, 43, 44, 46, 47, 48, 51, 52, 55, 56 => 4
<4> 11, 21, 26, 27, 37, 40, 43, 44, 46, 47, 48, 56 => 42
<4> 11, 20, 33, 37, 40, 42, 43, 44, 47, 48, 52, 56 => 4, 51
<4> 8, 32, 33, 36, 37, 44, 46, 47, 48, 49, 50, 51, 52, 54, 55, 56 => 4, 45, 53
<4> 8, 25, 26, 32, 33, 36, 37, 40, 43, 44, 45, 46, 47, 48, 51, 52, 54, 55, 56 => 31, 35
<4> 8, 25, 26, 27, 32, 33, 36, 37, 40, 43, 44, 46, 47, 48, 52, 56 => 31, 35
<4> 8, 23, 26, 33, 37, 39, 40, 44, 46, 47, 48, 52, 56 => 28
<4> 8, 23, 26, 28, 33, 37, 44, 46, 47, 48, 52, 56 => 39, 40
<4> 8, 22, 26, 33, 37, 40, 42, 43, 44, 46, 47, 48, 52, 56 => 31, 32, 35, 36, 45, 55
<4> 8, 21, 26, 33, 36, 37, 40, 42, 43, 44, 46, 47, 48, 52, 56 => 28
<4> 8, 21, 26, 31, 32, 33, 35, 36, 37, 40, 44, 45, 46, 47, 48, 51, 52, 54, 55, 56 => 28, 39
<4> 8, 20, 32, 33, 35, 36, 37, 43, 44, 47, 48, 51, 52, 55, 56 => 39, 40
<4> 8, 20, 28, 32, 33, 35, 36, 37, 39, 40, 44, 47, 48, 51, 52, 55, 56 => 0
<4> 8, 19, 32, 33, 35, 36, 37, 44, 47, 48, 51, 52, 55, 56 => 43, 46
<4> 5, 33, 37, 41, 42, 43, 44, 46, 47, 48, 50, 51, 52, 55, 56 => 31, 32, 35, 36, 54
<4> 5, 31, 32, 33, 35, 36, 37, 40, 44, 45, 46, 47, 48, 50, 51, 52, 53, 54, 55, 56 => 0
<4> 5, 29, 33, 37, 44, 45, 46, 47, 48, 50, 51, 52, 54, 55, 56 => 32, 36
<4> 5, 28, 32, 33, 36, 37, 38, 39, 40, 44, 47, 48, 52, 55, 56 => 31, 35, 46
<4> 5, 26, 32, 33, 36, 37, 44, 45, 46, 47, 48, 50, 51, 52, 53, 54, 55, 56 => 49
<4> 5, 26, 28, 32, 33, 36, 37, 38, 39, 40, 43, 44, 47, 48 => 1
<4> 5, 25, 26, 27, 37, 39, 40, 43, 44, 47, 48 => 42
<4> 5, 24, 32, 33, 36, 37, 40, 41, 42, 43, 44, 46, 47, 48, 52, 56 => 31, 35
<4> 5, 24, 28, 32, 33, 36, 37, 40, 43, 44, 46, 47, 48, 51, 52, 55, 56 => 31, 35, 39
<4> 5, 24, 26, 31, 32, 33, 35, 36, 37, 40, 44, 45, 46, 47, 48, 51, 52, 54, 55, 56 => 0
<4> 5, 20, 27, 32, 33, 36, 37, 43, 44, 46, 47, 48, 50, 51, 52, 54, 55, 56 => 45
<4> 5, 19, 33, 37, 41, 42, 43, 44, 48, 52, 56 => 3, 32, 36
<4> 5, 19, 31, 32, 33, 35, 36, 37, 39, 40, 45, 46, 47, 48, 50, 51, 52, 54, 55, 56 => 28
<4> 5, 18, 31, 32, 33, 35, 36, 37, 40, 44, 45, 46, 47, 48, 50, 51, 52, 54, 55, 56 => 0
<4> 5, 17, 31, 32, 33, 35, 36, 37, 39, 40, 43, 44, 45, 46, 47, 48, 52, 56 => 42
<4> 5, 17, 22, 32, 33, 36, 37, 43, 44, 45, 46, 47, 48, 56 => 40
<4> 5, 17, 19, 32, 33, 36, 37, 44, 46, 47, 48, 52, 55, 56 => 31, 35
<4> 5, 17, 19, 32, 33, 36, 37, 43, 44, 46, 47, 48, 52, 56 => 42
<4> 5, 14, 44, 48, 51, 52, 56 => 2
<4> 5, 14, 37, 40, 43, 44, 52 => 28, 33, 39
<4> 5, 14, 28, 33, 36, 37, 39, 40, 43, 44, 48 => 3
<4> 5, 14, 27, 40, 43, 44, 48 => 42
<4> 5, 14, 26, 37, 44, 46, 47, 48, 56 => 2
<4> 5, 14, 26, 27, 33, 37, 43, 44, 46, 47, 48 => 42
<4> 5, 14, 25, 26, 37, 42, 43, 44, 47, 48 => 40
<4> 5, 14, 24, 26, 33, 37, 43, 44, 46, 47, 48 => 42
<4> 5, 14, 20, 28, 33, 37, 40, 43, 44, 48 => 39
<4> 5, 11, 26, 33, 37, 43, 44, 46, 47, 48, 56 => 1
<4> 5, 11, 26, 28, 39, 40, 43, 44, 46, 47, 48, 56 => 2
<4> 5, 11, 24, 26, 40, 43, 44, 46, 47, 48 => 28, 39
<4> 5, 11, 23, 26, 40, 44, 46, 47, 48 => 28
<4> 5, 11, 22, 26, 44, 46, 47, 48 => 33, 37
<4> 5, 11, 20, 37, 40, 42, 43, 44, 48, 52 => 28
<4> 5, 8, 31, 32, 33, 35, 36, 37, 40, 42, 43, 44, 46, 47, 48, 52, 56 => 26
<4> 5, 8, 26, 27, 33, 37, 40, 48 => 25
<4> 5, 8, 22, 26, 33, 37, 43, 44, 46, 47, 48, 52, 56 => 28
<4> 5, 8, 21, 26, 33, 36, 37, 40, 44, 46, 47, 48, 52, 56 => 28
<4> 4, 26, 27, 31, 32, 33, 35, 36, 37, 40, 43, 44, 45, 46, 47, 48, 49, 50, 51, 52, 53, 54, 55, 56 => 42
<4> 4, 25, 26, 32, 33, 36, 37, 41, 42, 43, 44, 46, 47, 48, 51, 52, 55, 56 => 28, 40
<4> 4, 24, 26, 32, 33, 36, 37, 40, 41, 42, 43, 44, 45, 46, 47, 48, 51, 52, 55, 56 => 54
<4> 4, 24, 26, 27, 32, 33, 36, 37, 42, 43, 44, 45, 46, 47, 48, 51, 52, 55, 56 => 54
<4> 4, 23, 26, 32, 33, 36, 37, 42, 43, 44, 45, 46, 47, 48, 50, 51, 52, 53, 54, 55, 56 => 31, 35, 40
<4> 4, 22, 26, 33, 37, 40, 41, 42, 43, 44, 46, 47, 48, 51, 52, 55, 56 => 32, 36
<4> 4, 20, 31, 32, 33, 35, 36, 37, 40, 41, 42, 43, 44, 46, 47, 48, 51, 52, 55, 56 => 28
<4> 4, 20, 28, 32, 33, 36, 37, 40, 41, 42, 43, 44, 46, 47, 48, 51, 52, 55, 56 => 31, 35
<4> 4, 18, 31, 32, 33, 35, 36, 37, 40, 43, 44, 45, 46, 47, 48, 50, 51, 52, 54, 55, 56 => 49, 53
<4> 4, 18, 27, 37, 43, 44, 51, 52, 56 => 21
<4> 4, 17, 20, 32, 33, 36, 37, 42, 43, 44, 46, 47, 48, 51, 52, 55, 56 => 28, 31, 35, 40, 45, 54
<4> 4, 14, 32, 33, 36, 37, 44, 47, 48, 51, 52, 55, 56 => 2
<4> 4, 14, 27, 33, 36, 37, 42, 43, 44, 46, 47, 48, 51, 52, 55, 56 => 26
<4> 4, 14, 26, 33, 37, 44, 46, 47, 48, 50, 51, 52, 54, 55, 56 => 45
<4> 4, 14, 26, 33, 36, 37, 42, 43, 44, 46, 47, 48, 51, 52, 55, 56 => 27
<4> 4, 14, 25, 26, 33, 37, 42, 43, 44, 46, 47, 48, 51, 52, 55, 56 => 27
<4> 4, 14, 20, 37, 42, 43, 44, 48, 51, 52, 56 => 55
<4> 4, 11, 26, 28, 37, 40, 42, 43, 44, 46, 47, 48, 52, 55, 56 => 1
<4> 4, 11, 25, 26, 40, 43, 44, 46, 47, 48, 52, 56 => 28
<4> 4, 8, 32, 33, 36, 37, 40, 44, 45, 46, 47, 48, 50, 51, 52, 53, 54, 55, 56 => 43
<4> 4, 8, 26, 32, 33, 36, 37, 44, 45, 46, 47, 48, 50, 51, 52, 53, 54, 55, 56 => 43
<4> 3, 28, 32, 33, 36, 37, 39, 40, 41, 42, 43, 44, 46, 47, 48, 52, 56 => 31, 35
<4> 3, 28, 31, 32, 33, 35, 36, 37, 39, 40, 42, 43, 44, 45, 46, 47, 48, 51, 52, 55, 56 => 54
<4> 3, 27, 32, 33, 36, 37, 40, 44, 45, 46, 47, 48, 51, 52, 54, 55, 56 => 4
<4> 3, 26, 31, 32, 33, 35, 36, 37, 44, 47, 48, 50, 51, 52, 55, 56 => 42, 43
<4> 3, 25, 26, 32, 33, 36, 37, 39, 40, 42, 43, 44, 47, 48, 52, 56 => 16, 28, 31, 35
<4> 3, 25, 26, 28, 31, 32, 33, 35, 36, 37, 40, 43, 44, 47, 48, 51, 52, 55, 56 => 42
<4> 3, 24, 32, 33, 36, 37, 40, 43, 44, 46, 47, 48, 51, 52, 54, 55, 56 => 31, 35, 39
<4> 3, 24, 31, 32, 33, 35, 36, 37, 39, 40, 43, 44, 45, 46, 47, 48, 51, 52, 55, 56 => 4
<4> 3, 24, 26, 32, 33, 36, 37, 39, 40, 42, 43, 44, 46, 47, 48 => 5
<4> 3, 23, 26, 33, 37, 41, 42, 43, 44, 45, 46, 47, 48, 52, 56 => 32, 36, 40, 55
<4> 3, 23, 26, 33, 37, 39, 40, 44, 46, 47, 48 => 5, 32, 36, 45, 52, 56
<4> 3, 22, 26, 32, 33, 36, 37, 44, 45, 46, 47, 48, 51, 52, 54, 55, 56 => 43
<4> 3, 21, 26, 33, 37, 44, 46, 47, 48, 51, 52, 54, 55, 56 => 32, 36, 45
<4> 3, 21, 26, 28, 31, 32, 33, 35, 36, 37, 40, 43, 44, 45, 46, 47, 48, 52, 55, 56 => 42
<4> 3, 20, 32, 33, 36, 37, 41, 42, 43, 44, 46, 47, 48, 51, 52, 55, 56 => 31, 35
<4> 3, 19, 31, 32, 33, 36, 37, 41, 42, 43, 44, 46, 47, 48, 52, 56 => 55
<4> 3, 19, 31, 32, 33, 35, 36, 37, 44, 46, 47, 48, 50, 51, 52, 54, 55, 56 => 45
<4> 3, 18, 33, 37, 40, 44, 47, 48, 51, 52, 55, 56 => 28
<4> 3, 18, 28, 32, 33, 36, 37, 40, 44, 46, 47, 48, 52, 56 => 16
<4> 3, 17, 19, 32, 33, 36, 37, 42, 43, 44, 46, 47, 48, 52, 56 => 41
<4> 3, 16, 32, 33, 36, 37, 41, 42, 43, 44, 46, 47, 48, 51, 52, 54, 55, 56 => 50
<4> 3, 16, 32, 33, 36, 37, 40, 43, 44, 45, 46, 47, 48, 51, 52, 54, 55, 56 => 31, 35, 39
<4> 3, 16, 31, 32, 33, 35, 36, 37, 42, 43, 44, 45, 46, 47, 48, 51, 52, 55, 56 => 54
<4> 3, 16, 28, 31, 32, 33, 35, 36, 37, 39, 40, 43, 44, 45, 46, 47, 48, 52, 55, 56 => 42
<4> 3, 16, 27, 31, 32, 33, 35, 36, 37, 42, 43, 44, 46, 47, 48, 52, 56 => 26, 45
<4> 3, 16, 24, 32, 33, 36, 37, 43, 44, 46, 47, 48, 51, 52, 54, 55, 56 => 31, 35
<4> 3, 16, 24, 32, 33, 36, 37, 43, 44, 45, 46, 47, 48, 51, 52, 55, 56 => 4
<4> 3, 16, 24, 31, 32, 33, 35, 36, 37, 43, 44, 46, 47, 48, 51, 52, 55, 56 => 54
<4> 3, 16, 24, 28, 32, 33, 36, 37, 40, 43, 44, 46, 47, 48, 52, 56 => 42
<4> 3, 16, 24, 26, 27, 32, 33, 36, 37, 43, 44, 45, 46, 47, 48, 52, 56 => 31, 35
<4> 3, 16, 23, 26, 32, 33, 36, 37, 40, 42, 43, 44, 45, 46, 47, 48, 52, 56 => 28
<4> 3, 16, 22, 26, 31, 32, 33, 35, 36, 37, 44, 45, 46, 47, 48, 52, 56 => 5
<4> 3, 16, 21, 32, 33, 36, 37, 40, 42, 43, 44, 46, 47, 48, 52, 56 => 28
<4> 3, 16, 21, 26, 32, 33, 36, 37, 40, 43, 44, 45, 46, 47, 48, 52, 55, 56 => 28
<4> 3, 16, 18, 32, 33, 36, 37, 40, 44, 46, 47, 48, 52, 56 => 28
<4> 3, 15, 32, 33, 36, 37, 43, 44, 45, 46, 47, 48, 50, 51, 52, 54, 55, 56 => 27
<4> 3, 15, 32, 33, 36, 37, 40, 44, 47, 48, 50, 51, 52, 55, 56 => 43
<4> 3, 15, 31, 32, 33, 35, 36, 37, 44, 46, 47, 48, 50, 51, 52, 55, 56 => 54
<4> 3, 15, 31, 32, 33, 35, 36, 37, 40, 44, 46, 47, 48, 52, 56 => 43
<4> 3, 15, 28, 32, 33, 36, 37, 39, 40, 42, 43, 44, 47, 48 => 26, 46
<4> 3, 15, 27, 31, 32, 33, 35, 36, 37, 44, 46, 47, 48, 52, 56 => 43, 45
<4> 3, 15, 26, 33, 37, 41, 42, 43, 44, 45, 46, 47, 48, 56 => 52, 55
<4> 3, 15, 26, 31, 32, 33, 35, 36, 37, 44, 46, 47, 48, 52, 56 => 43, 45
<4> 3, 15, 25, 26, 33, 37, 43, 44, 46, 47, 48, 52, 55, 56 => 4, 36, 40, 51
<4> 3, 15, 25, 26, 33, 36, 37, 43, 44, 46, 47, 48, 52, 56 => 4, 40, 51, 55
<4> 3, 15, 24, 26, 33, 37, 45, 46, 47, 48, 52, 56 => 4, 51, 55
<4> 3, 15, 23, 26, 33, 37, 43, 44, 45, 46, 47, 48, 52, 56 => 36
<4> 3, 15, 21, 28, 32, 33, 36, 37, 40, 42, 43, 44, 46, 47, 48 => 26
<4> 3, 14, 33, 37, 40, 43, 44, 48, 52 => 28
<4> 3, 14, 33, 36, 37, 40, 43, 44, 48 => 5, 28, 39
<4> 3, 5, 31, 32, 33, 35, 36, 37, 40, 44, 47, 48, 50, 51, 52, 55, 56 => 16, 28, 39
<4> 3, 5, 31, 32, 33, 35, 36, 37, 40, 41, 42, 43, 44, 46, 47, 48, 52, 55, 56 => 28
<4> 3, 5, 28, 31, 32, 33, 35, 36, 37, 40, 44, 45, 46, 47, 48, 52, 55, 56 => 16
<4> 3, 5, 26, 32, 33, 36, 37, 43, 44, 47, 48, 51, 52, 55, 56 => 31, 35
<4> 3, 5, 26, 31, 32, 33, 35, 36, 37, 44, 45, 46, 47, 48, 51, 52, 55, 56 => 27
<4> 3, 5, 26, 27, 32, 33, 36, 37, 44, 45, 46, 47, 48, 51, 52, 55, 56 => 31, 35
<4> 3, 5, 25, 26, 27, 33, 37, 43, 44, 46, 47, 48 => 42
<4> 3, 5, 20, 28, 32, 33, 36, 37, 39, 40, 43, 44, 48, 52, 56 => 42
<4> 3, 5, 20, 27, 32, 33, 36, 37, 43, 44, 46, 47, 48, 51, 52, 55, 56 => 42
<4> 3, 5, 19, 32, 33, 36, 37, 44, 46, 47, 48, 52, 55, 56 => 31, 35
<4> 3, 5, 19, 32, 33, 36, 37, 40, 44, 46, 47, 48, 52, 56 => 31, 35
<4> 3, 5, 17, 32, 33, 36, 37, 42, 43, 44, 46, 47, 48, 51, 52, 55, 56 => 27
<4> 3, 5, 16, 31, 32, 33, 35, 36, 37, 44, 47, 48, 50, 51, 52, 55, 56 => 28, 39, 40
<4> 3, 5, 16, 28, 31, 32, 33, 35, 36, 37, 40, 42, 43, 44, 47, 48, 51, 52, 55, 56 => 39
<4> 3, 5, 16, 21, 32, 33, 36, 37, 43, 44, 46, 47, 48, 52, 56 => 40
<4> 3, 5, 16, 20, 32, 33, 36, 37, 40, 43, 44, 48, 52, 56 => 28
<4> 3, 5, 15, 32, 33, 36, 37, 44, 46, 47, 48, 52, 55, 56 => 51
<4> 3, 5, 15, 26, 33, 37, 43, 44, 45, 46, 47, 48, 56 => 42
<4> 3, 5, 15, 20, 32, 33, 36, 37, 44, 48, 52, 56 => 40
<4> 3, 5, 15, 19, 33, 37, 44, 52 => 40, 43
<4> 3, 4, 25, 32, 33, 36, 37, 39, 40, 44, 46, 47, 48, 51, 52, 55, 56 => 45
<4> 3, 4, 24, 33, 37, 40, 42, 43, 44, 45, 46, 47, 48, 52, 55, 56 => 28
<4> 3, 4, 24, 31, 32, 33, 35, 36, 37, 40, 43, 44, 45, 46, 47, 48, 51, 52, 55, 56 => 39
<4> 3, 4, 23, 26, 33, 37, 44, 45, 46, 47, 48, 50, 51, 52, 54, 55, 56 => 36
<4> 3, 4, 16, 20, 32, 33, 36, 37, 40, 43, 44, 46, 47, 48, 51, 52, 55, 56 => 50
<4> 3, 4, 16, 19, 31, 32, 33, 36, 37, 40, 43, 44, 46, 47, 48, 51, 52, 55, 56 => 28
<4> 3, 4, 15, 20, 33, 36, 37, 40, 43, 44, 48, 51, 52, 56 => 28
<4> 2, 29, 33, 37, 44, 46, 47, 48, 52, 55, 56 => 51
<4> 2, 26, 41, 42, 43, 44, 45, 46, 47, 48, 56 => 4, 51, 52, 55
<4> 2, 24, 26, 27, 33, 37, 43, 44, 46, 47, 48, 56 => 45
<4> 2, 23, 26, 41, 42, 43, 44, 46, 47, 48, 52, 56 => 4, 55
<4> 2, 22, 26, 44, 45, 46, 47, 48, 56 => 51, 52, 55
<4> 2, 22, 26, 41, 42, 43, 44, 46, 47, 48 => 5, 40
<4> 2, 22, 26, 27, 43, 44, 46, 47, 48 => 42
<4> 2, 22, 26, 27, 37, 44, 46, 47, 48 => 52, 56
<4> 2, 21, 41, 42, 43, 44 => 4, 40, 51, 52, 56
<4> 2, 21, 27, 37, 42, 43, 44, 51, 52, 56 => 4
<4> 2, 21, 26, 28, 39, 40, 42, 43, 44, 46, 47, 48 => 56
<4> 2, 20, 33, 37, 40, 42, 43, 44, 48, 51, 52, 56 => 47
<4> 2, 20, 28, 39, 40, 42, 43, 44, 47, 48, 51, 52, 55, 56 => 12
<4> 2, 19, 27, 37, 44, 47, 48, 51, 52, 56 => 4, 55
<4> 2, 18, 44, 52 => 42, 43
<4> 2, 14, 32, 33, 36, 37, 44, 47, 48 => 4, 51, 52, 55, 56
<4> 2, 14, 20, 37, 42, 43, 44, 48, 52, 56 => 51
<4> 2, 14, 19, 42, 43, 44, 48, 51, 52, 56 => 40
<4> 2, 14, 19, 40, 43, 44, 48, 52, 56 => 42, 51
<4> 2, 13, 40, 41, 42, 43, 44, 47, 48, 56 => 33, 37, 52, 55
<4> 2, 13, 27, 40, 41, 42, 43, 44, 47, 48 => 5, 46
<4> 2, 13, 27, 33, 37, 40, 43, 44, 46, 47, 48, 52, 56 => 42
<4> 2, 13, 24, 26, 40, 43, 44, 46, 47, 48, 56 => 4, 37, 51, 52, 55
<4> 2, 13, 22, 26, 28, 39, 40, 43, 44, 46, 47, 48 => 4, 52, 56
<4> 2, 13, 19, 40, 42, 43, 44, 52 => 33, 37
<4> 2, 13, 19, 37, 44, 47, 48, 51, 52, 56 => 4, 55
<4> 2, 12, 33, 37, 43, 44, 47, 48, 52, 56 => 46
<4> 2, 12, 27, 43, 44, 51, 52, 56 => 4, 40
<4> 2, 12, 26, 40, 41, 42, 43, 44, 46, 47, 48 => 28, 56
<4> 2, 12, 24, 26, 40, 43, 44, 46, 47, 48, 52, 56 => 4, 55
<4> 2, 12, 22, 26, 28, 39, 40, 42, 43, 44, 46, 47, 48 => 56
<4> 2, 12, 21, 26, 40, 43, 44, 46, 47, 48, 52, 56 => 28
<4> 2, 12, 20, 28, 40, 43, 44, 47, 48, 51, 52, 55, 56 => 39, 42
<4> 2, 12, 19, 28, 40, 42, 43, 44, 48, 51, 52, 55, 56 => 39
<4> 2, 11, 24, 26, 40, 43, 44, 46, 47, 48 => 56
<4> 2, 5, 43, 44, 47, 48, 51, 52, 55, 56 => 42
<4> 2, 5, 37, 40, 43, 44, 46, 47, 48, 52, 56 => 27
<4> 2, 5, 33, 37, 41, 42, 43, 44, 48, 52 => 20
<4> 2, 5, 33, 37, 40, 43, 44, 47, 48, 56 => 27
<4> 2, 5, 28, 40, 42, 43, 44, 47, 48, 51, 52, 56 => 12
<4> 2, 5, 27, 40, 41, 42, 43, 44, 46, 47, 48 => 13
<4> 2, 5, 25, 26, 28, 40, 43, 44, 46, 47, 48 => 42
<4> 2, 5, 19, 43, 44, 48, 51, 52, 56 => 42
<4> 2, 5, 13, 28, 37, 40, 43, 44, 48, 56 => 42
<4> 2, 5, 13, 26, 28, 33, 37, 40, 42, 43, 44, 46, 47, 48 => 41
<4> 2, 5, 13, 23, 26, 40, 43, 44, 46, 47, 48 => 42
<4> 2, 5, 13, 22, 26, 40, 43, 44, 46, 47, 48 => 42
<4> 2, 5, 13, 21, 26, 40, 43, 44, 46, 47, 48 => 42
<4> 2, 5, 12, 37, 42, 43, 44, 47, 48, 56 => 46
<4> 2, 5, 12, 25, 26, 43, 44, 47, 48 => 42
<4> 2, 5, 12, 21, 26, 40, 43, 44, 46, 47, 48 => 42
<4> 2, 4, 40, 43, 44, 46, 47, 48, 50, 51, 52, 55, 56 => 28
<4> 2, 4, 26, 44, 46, 47, 48, 51, 52, 54, 55, 56 => 45
<4> 2, 4, 20, 33, 37, 43, 44, 48, 51, 52, 56 => 47
<4> 2, 4, 14, 33, 37, 41, 42, 43, 44, 47, 48, 51, 52, 56 => 55
<4> 2, 4, 13, 25, 26, 37, 40, 43, 44, 46, 47, 48, 52, 56 => 42, 51, 55
<4> 2, 4, 13, 22, 26, 28, 40, 43, 44, 46, 47, 48, 52, 56 => 39
<4> 1, 32, 33, 36, 37, 43, 44, 46, 47, 48, 49, 50, 51, 52, 54, 55, 56 => 4, 27, 31, 35
<4> 1, 31, 32, 33, 35, 36, 37, 40, 42, 43, 44, 45, 46, 47, 48, 52, 55, 56 => 8
<4> 1, 28, 32, 33, 36, 37, 38, 39, 40, 44, 51, 52, 56 => 43
<4> 1, 27, 32, 33, 36, 37, 44, 46, 47, 48, 49, 50, 51, 52, 54, 55, 56 => 4, 31, 35, 43
<4> 1, 26, 31, 32, 33, 35, 36, 37, 42, 43, 44, 46, 47, 48, 52, 56 => 8, 40
<4> 1, 26, 28, 32, 33, 36, 37, 40, 41, 42, 43, 44, 46, 47, 48, 52, 56 => 39
<4> 1, 25, 26, 42, 43, 44, 46, 47, 48, 51, 52, 55, 56 => 4
<4> 1, 25, 26, 33, 37, 39, 40, 42, 43, 44, 47, 48 => 5
<4> 1, 24, 26, 41, 42, 43, 44, 46, 47, 48 => 33, 36, 37, 56
<4> 1, 24, 26, 27, 40, 44, 46, 47, 48, 52, 55, 56 => 45
<4> 1, 24, 26, 27, 40, 43, 44, 46, 47, 48, 56 => 42
<4> 1, 23, 26, 28, 40, 42, 43, 44, 46, 47, 48, 52, 55, 56 => 4
<4> 1, 23, 26, 28, 32, 33, 36, 37, 40, 43, 44, 45, 46, 47, 48, 52, 56 => 39
<4> 1, 22, 26, 41, 42, 43, 44, 46, 47, 48 => 40, 52, 56
<4> 1, 21, 26, 33, 37, 39, 40, 44, 46, 47, 48, 52, 55, 56 => 4, 28, 51
<4> 1, 21, 26, 32, 33, 36, 37, 40, 42, 43, 44, 46, 47, 48, 52, 56 => 45
<4> 1, 21, 26, 28, 33, 37, 40, 43, 44, 45, 46, 47, 48, 52, 56 => 4, 42, 51, 55
<4> 1, 20, 33, 37, 44, 46, 47, 48, 51, 52, 55, 56 => 32, 36, 50, 54
<4> 1, 20, 33, 37, 41, 42, 43, 44, 48, 51, 52, 56 => 40
<4> 1, 19, 32, 33, 36, 37, 40, 43, 44, 47, 48, 51, 52, 55, 56 => 42
<4> 1, 19, 31, 32, 33, 35, 36, 37, 43, 44, 47, 48, 51, 52, 55, 56 => 42, 46
<4> 1, 18, 44, 52 => 28, 37, 40, 43, 48, 56
<4> 1, 10, 33, 37, 44, 47, 48, 51, 52, 54, 55, 56 => 27, 46, 50
<4> 1, 10, 28, 41, 42, 43, 44, 52 => 40
<4> 1, 10, 28, 33, 37, 39, 40, 44, 47, 48, 52, 56 => 32, 36
<4> 1, 10, 28, 33, 37, 39, 40, 43, 44, 48, 52, 56 => 51
<4> 1, 10, 27, 33, 37, 44, 47, 48, 50, 51, 52, 55, 56 => 46, 54
<4> 1, 10, 27, 33, 37, 41, 42, 43, 44, 47, 48, 52, 56 => 46
<4> 1, 10, 27, 33, 37, 40, 43, 44, 46, 47, 48, 51, 52, 55, 56 => 42
<4> 1, 10, 26, 28, 40, 43, 44, 45, 46, 47, 48, 52, 56 => 4, 51, 55
<4> 1, 10, 25, 26, 33, 37, 43, 44, 46, 47, 48, 51, 52, 55, 56 => 4
<4> 1, 10, 24, 26, 37, 44, 46, 47, 48, 52, 55, 56 => 4, 43, 51
<4> 1, 10, 24, 26, 37, 43, 44, 46, 47, 48, 52, 56 => 4, 51, 55
<4> 1, 10, 24, 26, 37, 40, 44, 46, 47, 48, 52, 56 => 28
<4> 1, 10, 24, 26, 33, 37, 44, 46, 47, 48, 52, 56 => 32, 36
<4> 1, 10, 23, 26, 33, 37, 44, 45, 46, 47, 48, 52, 55, 56 => 51
<4> 1, 10, 23, 26, 28, 33, 37, 44, 46, 47, 48 => 42, 43
<4> 1, 10, 22, 26, 40, 44, 46, 47, 48, 52, 55, 56 => 4, 51
<4> 1, 10, 21, 37, 40, 43, 44, 48, 51, 52, 56 => 42
<4> 1, 10, 21, 28, 37, 43, 44, 48, 52, 56 => 42, 51
<4> 1, 10, 19, 33, 37, 43, 44, 48, 51, 52, 56 => 4
<4> 1, 10, 19, 33, 37, 40, 43, 44, 51, 52, 56 => 28
<4> 1, 9, 31, 32, 33, 35, 36, 37, 42, 43, 44, 47, 48, 52, 55, 56 => 51
<4> 1, 9, 28, 32, 33, 36, 37, 40, 41, 42, 43, 44, 47, 48, 56 => 26, 46
<4> 1, 9, 25, 26, 32, 33, 36, 37, 39, 40, 44, 47, 48, 52, 56 => 28
<4> 1, 9, 25, 26, 28, 32, 33, 36, 37, 40, 44, 47, 48, 52, 56 => 39
<4> 1, 9, 22, 26, 33, 37, 40, 44, 46, 47, 48, 52, 55, 56 => 4, 45, 51
<4> 1, 9, 22, 26, 28, 33, 37, 40, 43, 44, 46, 47, 48, 56 => 5, 39
<4> 1, 9, 20, 33, 37, 39, 40, 43, 44, 52 => 28
<4> 1, 9, 19, 33, 37, 42, 43, 44, 52 => 32, 36
<4> 1, 9, 19, 33, 37, 39, 40, 43, 44, 52 => 32, 36
<4> 1, 9, 19, 32, 33, 36, 37, 44, 47, 48, 50, 51, 52, 55, 56 => 4
<4> 1, 9, 19, 32, 33, 36, 37, 43, 44, 47, 48, 51, 52, 55, 56 => 27
<4> 1, 8, 23, 26, 32, 33, 36, 37, 44, 46, 47, 48, 52, 56 => 43
<4> 1, 5, 32, 33, 36, 37, 40, 43, 44, 48, 51, 52, 55, 56 => 9
<4> 1, 5, 32, 33, 36, 37, 40, 42, 43, 44, 48, 51, 52, 56 => 9
<4> 1, 5, 32, 33, 36, 37, 40, 41, 42, 43, 44, 48, 56 => 9, 28
<4> 1, 5, 32, 33, 36, 37, 39, 40, 43, 44, 51, 52, 56 => 9
<4> 1, 5, 27, 33, 37, 41, 42, 43, 44, 48 => 26
<4> 1, 5, 27, 32, 33, 36, 37, 40, 43, 44, 46, 47, 48, 52, 55, 56 => 9
<4> 1, 5, 26, 27, 32, 33, 36, 37, 40, 43, 44, 45, 46, 47, 48, 52, 56 => 9
<4> 1, 5, 25, 26, 32, 33, 36, 37, 40, 44, 47, 48, 52, 56 => 39
<4> 1, 5, 24, 26, 32, 33, 36, 37, 40, 43, 44, 46, 47, 48, 56 => 9
<4> 1, 5, 23, 26, 28, 33, 37, 40, 43, 44, 46, 47, 48, 52, 56 => 36, 39
<4> 1, 5, 22, 26, 32, 33, 36, 37, 40, 43, 44, 46, 47, 48, 52, 56 => 28, 39
<4> 1, 5, 22, 26, 28, 33, 37, 40, 43, 44, 46, 47, 48, 52, 56 => 32, 36, 39
<4> 1, 5, 21, 37, 44, 48, 51, 52, 56 => 43
<4> 1, 5, 21, 26, 37, 42, 43, 44, 46, 47, 48, 56 => 27
<4> 1, 5, 10, 33, 37, 44, 48, 52, 55, 56 => 26, 27, 43, 45, 46, 47
<4> 1, 5, 10, 28, 33, 37, 42, 43, 44, 48, 56 => 26, 47
<4> 1, 5, 10, 26, 28, 33, 37, 43, 44, 47, 48, 56 => 42
<4> 1, 5, 10, 22, 26, 33, 37, 43, 44, 46, 47, 48, 52, 56 => 27
<4> 1, 5, 10, 20, 33, 37, 43, 44, 52 => 40
<4> 1, 5, 10, 19, 33, 37, 43, 44, 52 => 40, 42
<4> 1, 5, 9, 25, 26, 32, 33, 36, 37, 40, 44, 47, 48 => 28
<4> 1, 5, 9, 24, 26, 33, 37, 40, 44, 46, 47, 48, 56 => 32, 36, 43
<4> 1, 5, 9, 22, 26, 33, 37, 40, 43, 44, 46, 47, 48, 56 => 28, 39
<4> 1, 5, 9, 20, 33, 37, 44, 48, 51, 52, 56 => 32, 36
<4> 1, 4, 33, 37, 41, 42, 43, 44, 46, 47, 48, 51, 52, 55, 56 => 32, 36
<4> 1, 4, 27, 32, 33, 36, 37, 44, 45, 46, 47, 48, 50, 51, 52, 53, 54, 55, 56 => 31, 35, 43
<4> 1, 4, 26, 32, 33, 36, 37, 44, 45, 46, 47, 48, 50, 51, 52, 53, 54, 55, 56 => 31, 35, 43
<4> 1, 4, 25, 26, 32, 33, 36, 37, 43, 44, 45, 46, 47, 48, 50, 51, 52, 54, 55, 56 => 31, 35
<4> 1, 4, 25, 26, 27, 33, 37, 43, 44, 46, 47, 48, 51, 52, 55, 56 => 32, 36
<4> 1, 4, 24, 26, 32, 33, 36, 37, 43, 44, 45, 46, 47, 48, 51, 52, 54, 55, 56 => 50
<4> 1, 4, 21, 26, 33, 37, 40, 42, 43, 44, 45, 46, 47, 48, 51, 52, 55, 56 => 28
<4> 1, 4, 20, 32, 33, 36, 37, 43, 44, 47, 48, 50, 51, 52, 54, 55, 56 => 42
<4> 1, 4, 19, 33, 37, 39, 40, 43, 44, 47, 48, 51, 52, 56 => 28
<4> 1, 4, 19, 27, 32, 33, 36, 37, 43, 44, 47, 48, 51, 52, 55, 56 => 50
<4> 1, 4, 10, 33, 37, 41, 42, 43, 44, 47, 48, 51, 52, 55, 56 => 32, 36
<4> 1, 4, 9, 19, 32, 33, 36, 37, 44, 47, 48, 51, 52, 55, 56 => 50
<4> 0, 30, 31, 32, 33, 35, 36, 37, 40, 41, 42, 43, 44, 45, 46, 47, 48, 50, 51, 52, 54, 55, 56 => 4, 28, 53
<4> 0, 26, 27, 31, 32, 33, 35, 36, 37, 40, 41, 42, 43, 44, 45, 46, 47, 48, 51, 52, 55, 56 => 5
<4> 0, 25, 26, 31, 32, 33, 35, 36, 37, 39, 40, 42, 43, 44, 45, 46, 47, 48, 51, 52, 54, 55, 56 => 30, 34
<4> 0, 23, 26, 30, 31, 32, 33, 35, 36, 37, 44, 45, 46, 47, 48, 50, 51, 52, 54, 55, 56 => 34, 43
<4> 0, 22, 26, 30, 31, 32, 33, 35, 36, 37, 40, 44, 45, 46, 47, 48, 50, 51, 52, 54, 55, 56 => 34
<4> 0, 21, 30, 31, 32, 33, 35, 36, 37, 43, 44, 45, 46, 47, 48, 50, 51, 52, 53, 54, 55, 56 => 4, 6, 34, 40
<4> 0, 21, 28, 31, 32, 33, 34, 35, 36, 37, 40, 43, 44, 45, 46, 47, 48, 51, 52, 54, 55, 56 => 39
<4> 0, 21, 27, 30, 31, 32, 33, 35, 36, 37, 43, 44, 45, 46, 47, 48, 50, 51, 52, 54, 55, 56 => 42
<4> 0, 21, 26, 31, 32, 33, 35, 36, 37, 41, 42, 43, 44, 45, 46, 47, 48, 51, 52, 55, 56 => 50, 54
<4> 0, 20, 30, 31, 32, 33, 35, 36, 37, 44, 45, 46, 47, 48, 50, 51, 52, 53, 54, 55, 56 => 28, 40
<4> 0, 20, 30, 31, 32, 33, 35, 36, 37, 43, 44, 45, 46, 47, 48, 50, 51, 52, 54, 55, 56 => 6
<4> 0, 20, 28, 30, 31, 32, 33, 35, 36, 37, 39, 40, 44, 45, 46, 47, 48, 50, 51, 52, 54, 55, 56 => 34
<4> 0, 20, 28, 30, 31, 32, 33, 34, 35, 36, 37, 40, 44, 45, 46, 47, 48, 50, 51, 52, 54, 55, 56 => 39
<4> 0, 7, 27, 31, 32, 33, 35, 36, 37, 39, 40, 44, 45, 46, 47, 48, 51, 52, 55, 56 => 43
<4> 0, 7, 26, 31, 32, 33, 35, 36, 37, 41, 42, 43, 44, 45, 46, 47, 48, 50, 51, 52, 54, 55, 56 => 4
<4> 0, 7, 25, 26, 32, 33, 36, 37, 40, 44, 45, 46, 47, 48, 50, 51, 52, 54, 55, 56 => 4
<4> 0, 7, 25, 26, 32, 33, 36, 37, 39, 40, 44, 45, 46, 47, 48, 51, 52, 55, 56 => 43
<4> 0, 7, 25, 26, 28, 32, 33, 36, 37, 40, 44, 45, 46, 47, 48, 51, 52, 55, 56 => 43
<4> 0, 7, 24, 26, 32, 33, 36, 37, 40, 42, 43, 44, 45, 46, 47, 48, 52, 55, 56 => 5
<4> 0, 7, 24, 26, 32, 33, 36, 37, 39, 40, 43, 44, 45, 46, 47, 48, 52, 55, 56 => 28
<4> 0, 7, 24, 26, 28, 32, 33, 36, 37, 40, 43, 44, 45, 46, 47, 48, 52, 55, 56 => 39
<4> 0, 7, 22, 26, 31, 32, 33, 35, 36, 37, 44, 45, 46, 47, 48, 51, 52, 54, 55, 56 => 4, 50
<4> 0, 7, 21, 32, 33, 36, 37, 39, 40, 45, 46, 47, 48, 51, 52, 55, 56 => 28
<4> 0, 7, 20, 28, 31, 32, 33, 35, 36, 37, 40, 43, 44, 46, 47, 48, 50, 51, 52, 54, 55, 56 => 4
<4> 0, 6, 25, 26, 31, 32, 33, 35, 36, 37, 44, 45, 46, 47, 48, 50, 51, 52, 54, 55, 56 => 4, 30, 34, 53
<4> 0, 6, 25, 26, 31, 32, 33, 35, 36, 37, 42, 43, 44, 45, 46, 47, 48, 51, 52, 54, 55, 56 => 30, 34
<4> 0, 6, 25, 26, 27, 32, 33, 36, 37, 44, 45, 46, 47, 48, 51, 52, 55, 56 => 54
<4> 0, 6, 22, 26, 27, 31, 32, 33, 35, 36, 37, 44, 45, 46, 47, 48, 51, 52, 55, 56 => 54
<4> 0, 6, 21, 31, 32, 33, 35, 36, 37, 43, 44, 45, 46, 47, 48, 50, 51, 52, 53, 54, 55, 56 => 4, 30, 34, 40
<4> 0, 6, 21, 31, 32, 33, 35, 36, 37, 39, 40, 43, 44, 45, 46, 47, 48, 50, 51, 52, 54, 55, 56 => 30, 34
<4> 0, 6, 21, 27, 31, 32, 33, 35, 36, 37, 43, 44, 45, 46, 47, 48, 50, 51, 52, 54, 55, 56 => 42
<4> 0, 6, 20, 31, 32, 33, 35, 36, 37, 40, 42, 43, 44, 46, 47, 48, 51, 52, 54, 55, 56 => 28
<4> 0, 6, 19, 27, 31, 32, 33, 35, 36, 37, 43, 44, 45, 46, 47, 48, 50, 51, 52, 54, 55, 56 => 49, 53
<4> 0, 5, 31, 32, 33, 35, 36, 37, 42, 43, 44, 45, 46, 47, 48, 49, 50, 51, 52, 54, 55, 56 => 17
<4> 0, 5, 31, 32, 33, 34, 35, 36, 37, 42, 43, 44, 45, 46, 47, 48, 50, 51, 52, 54, 55, 56 => 30
<4> 0, 5, 28, 30, 31, 32, 33, 34, 35, 36, 37, 39, 40, 43, 44, 45, 46, 47, 48, 51, 52, 54, 55, 56 => 6
<4> 0, 5, 27, 31, 32, 33, 34, 35, 36, 37, 40, 44, 45, 46, 47, 48, 51, 52, 54, 55, 56 => 26
<4> 0, 5, 26, 30, 31, 32, 33, 35, 36, 37, 42, 43, 44, 45, 46, 47, 48, 51, 52, 54, 55, 56 => 27
<4> 0, 5, 26, 27, 31, 32, 33, 34, 35, 36, 37, 44, 45, 46, 47, 48, 51, 52, 54, 55, 56 => 40
<4> 0, 5, 25, 26, 32, 33, 36, 37, 40, 43, 44, 45, 46, 47, 48, 51, 52, 54, 55, 56 => 27
<4> 0, 5, 20, 27, 32, 33, 36, 37, 44, 48, 51, 52, 56 => 43
<4> 0, 5, 8, 26, 32, 33, 36, 37, 44, 45, 46, 47, 48, 51, 52, 55, 56 => 43
<4> 0, 5, 7, 31, 32, 33, 35, 36, 37, 42, 43, 44, 45, 46, 47, 48, 50, 51, 52, 54, 55, 56 => 27
<4> 0, 5, 7, 26, 31, 32, 33, 35, 36, 37, 43, 44, 45, 46, 47, 48, 51, 52, 54, 55, 56 => 42
<4> 0, 5, 7, 24, 26, 32, 33, 36, 37, 40, 43, 44, 45, 46, 47, 48, 52, 55, 56 => 42
<4> 0, 5, 7, 22, 26, 31, 32, 33, 35, 36, 37, 42, 43, 44, 45, 46, 47, 48, 52, 55, 56 => 40
<4> 0, 5, 7, 21, 31, 32, 33, 35, 36, 37, 40, 43, 44, 45, 46, 47, 48, 51, 52, 55, 56 => 28
<4> 0, 5, 7, 19, 32, 33, 36, 37, 47, 48, 51, 52, 55, 56 => 31, 35
<4> 0, 5, 6, 25, 26, 32, 33, 36, 37, 44, 45, 46, 47, 48, 51, 52, 55, 56 => 40
<4> 0, 5, 6, 20, 31, 32, 33, 35, 36, 37, 40, 43, 44, 46, 47, 48, 51, 52, 54, 55, 56 => 28
<4> 0, 4, 27, 31, 32, 33, 35, 36, 37, 39, 40, 43, 44, 45, 46, 47, 48, 49, 50, 51, 52, 53, 54, 55, 56 => 6
<4> 0, 4, 25, 26, 31, 32, 33, 35, 36, 37, 39, 40, 44, 45, 46, 47, 48, 50, 51, 52, 54, 55, 56 => 30, 34, 53
<4> 0, 4, 21, 31, 32, 33, 35, 36, 37, 39, 40, 43, 44, 45, 46, 47, 48, 50, 51, 52, 53, 54, 55, 56 => 49
<4> 0, 4, 21, 27, 32, 33, 36, 37, 43, 44, 45, 46, 47, 48, 50, 51, 52, 54, 55, 56 => 53
<4> 0, 4, 19, 27, 31, 32, 33, 35, 36, 37, 43, 44, 45, 46, 47, 48, 50, 51, 52, 54, 55, 56 => 49, 53
<4> 0, 4, 17, 31, 32, 33, 35, 36, 37, 39, 40, 43, 44, 45, 46, 47, 48, 50, 51, 52, 54, 55, 56 => 28
<4> 0, 4, 7, 27, 31, 32, 33, 35, 36, 37, 42, 43, 44, 45, 46, 47, 48, 50, 51, 52, 54, 55, 56 => 53
<4> 0, 4, 7, 23, 26, 31, 32, 33, 35, 36, 37, 43, 44, 45, 46, 47, 48, 50, 51, 52, 54, 55, 56 => 40
<4> 0, 4, 7, 20, 31, 32, 33, 35, 36, 37, 40, 44, 46, 47, 48, 50, 51, 52, 54, 55, 56 => 28, 43
<4> 0, 4, 6, 27, 31, 32, 33, 35, 36, 37, 39, 40, 43, 44, 45, 46, 47, 48, 50, 51, 52, 53, 54, 55, 56 => 49
<4> 0, 4, 6, 23, 26, 31, 32, 33, 35, 36, 37, 43, 44, 45, 46, 47, 48, 50, 51, 52, 54, 55, 56 => 53
<4> 0, 4, 6, 22, 26, 31, 32, 33, 35, 36, 37, 44, 45, 46, 47, 48, 50, 51, 52, 54, 55, 56 => 42, 43
<4> 0, 4, 6, 21, 31, 32, 33, 35, 36, 37, 40, 44, 45, 46, 47, 48, 50, 51, 52, 54, 55, 56 => 30, 34, 43, 53
