<24> 32, 33, 36, 37, 39, 40, 46, 47, 48, 49, 50, 51, 52, 54, 55, 56 => 45
<24> 27, 33, 36, 37, 41, 42, 43, 44, 48 => 46, 47, 56
<24> 27, 32, 33, 36, 37, 40, 42, 43, 44, 45, 46, 47, 48, 50, 51, 52, 54, 55, 56 => 31, 35
<24> 26, 33, 37, 46, 47, 48, 49, 50, 51, 52, 54, 55, 56 => 32, 36, 44, 45, 53
<24> 25, 39, 40, 47, 48, 52, 55, 56 => 51
<24> 24, 37, 39, 40, 45, 46, 47, 48, 52, 56 => 32, 33, 36
<24> 24, 32, 33, 35, 36, 37, 44, 46, 47, 48, 52, 55, 56 => 51
<24> 24, 28, 40, 44, 45, 46, 47, 48, 52, 55, 56 => 43
<24> 24, 26, 27, 37, 44, 45, 46, 47, 48, 56 => 33
<24> 20, 39, 40, 42, 43, 44, 52 => 48
<24> 20, 27, 37, 44, 47, 48, 52, 56 => 33, 51
<24> 19, 27, 32, 33, 36, 37, 44, 52 => 43
<24> 14, 37, 44, 46, 47, 48, 52, 56 => 33, 55
<24> 14, 33, 37, 43, 44, 47, 48, 51, 52, 56 => 4
<24> 14, 27, 44 => 48
<24> 8, 32, 33, 36, 37, 40, 43, 44, 46, 47, 48, 50, 51, 52, 54, 55, 56 => 4
<24> 5, 25, 26, 33, 36, 37, 47, 48, 52, 56 => 32
<24> 5, 22, 33, 36, 37, 44, 46, 47, 48, 56 => 32
<24> 4, 27, 31, 32, 33, 35, 36, 37, 42, 43, 44, 46, 47, 48, 51, 52, 54, 55, 56 => 50
<24> 4, 19, 33, 37, 43, 44, 46, 47, 48, 51, 52, 55, 56 => 32, 36
<24> 3, 32, 33, 36, 37, 39, 40, 44, 48, 51, 52, 56 => 47, 55
<24> 3, 25, 33, 37, 48 => 44, 47
<24> 3, 15, 27, 33, 37, 44, 47, 48 => 46
<24> 2, 21, 43, 44, 48 => 47
<24> 2, 19, 40, 44 => 43
<24> 2, 4, 27, 44, 48, 52, 56 => 55
<24> 1, 23, 26, 37, 44, 46, 47, 48 => 33
<24> 1, 21, 33, 37, 44, 47, 48 => 46
<24> 1, 5, 37, 42, 43, 44, 47, 48, 52, 56 => 33
<24> 1, 4, 39, 40, 44, 48, 52, 56 => 47
<24> 1, 4, 33, 37, 44, 45, 46, 47, 48, 51, 52, 54, 55, 56 => 32, 36
<24> 0, 24, 33, 37, 46, 47, 48, 52, 56 => 26, 36
<24> 0, 23, 26, 33, 36, 37, 46, 47, 48, 52, 56 => 32, 45, 55
<24> 0, 6, 31, 32, 33, 35, 36, 37, 40, 44, 45, 46, 47, 48, 50, 51, 52, 53, 54, 55, 56 => 4
<24> 0, 6, 27, 32, 33, 36, 37, 46, 47, 48, 51, 52, 55, 56 => 44, 45
<24> 0, 5, 32, 33, 36, 37, 42, 43, 44, 46, 47, 48, 51, 52, 54, 55, 56 => 31, 35
