<35> 31, 32, 33, 34, 35, 36, 37, 43, 44, 45, 46, 47, 48, 51, 52, 54, 55, 56 => 0
<35> 27, 37, 41, 42, 43, 44, 48, 56 => 33
<35> 27, 37, 41, 42, 43, 44, 48, 52 => 33
<35> 25, 39, 40, 47, 48, 56 => 52
<35> 25, 39, 40, 43, 44, 47, 48 => 26
<35> 25, 26, 27, 46, 47, 48, 56 => 37, 52
<35> 24, 28, 32, 33, 36, 37, 46, 47, 48 => 40
<35> 23, 26, 28, 46, 47, 48, 52, 55, 56 => 40
<35> 20, 33, 37, 40, 44, 47, 48, 50, 51, 52, 55, 56 => 32, 36
<35> 19, 47, 48, 51, 52, 54, 55, 56 => 50
<35> 8, 33, 37, 45, 46, 47, 48, 52, 56 => 32, 36
<35> 8, 32, 33, 36, 37, 47, 48, 51, 52, 54, 55, 56 => 44
<35> 5, 37, 41, 42, 43, 44, 52 => 33
<35> 3, 5, 33, 37, 40, 42, 43, 44, 48, 56 => 32, 36
<35> 3, 5, 27, 33, 37, 44, 47, 48 => 46
<35> 2, 27, 40, 44 => 43
