<23> 41, 42, 43, 44, 47, 48, 51, 52, 54, 55, 56 => 33, 37, 46
<23> 38 => 37, 39, 40
<23> 28, 32, 33, 36, 37, 40, 46, 47, 48, 49, 50, 51, 52, 54, 55, 56 => 45
<23> 27, 32, 33, 35, 36, 37, 39, 40, 44, 46, 47, 48, 52, 56 => 31
<23> 26, 39, 40, 42, 43, 44, 46, 47, 48, 51, 52, 54, 55, 56 => 45
<23> 26, 28, 40, 41, 42, 43, 44, 46, 47, 48, 51, 52, 56 => 4
<23> 25, 28, 32, 33, 36, 37, 40, 44, 47, 48, 52, 55, 56 => 51
<23> 24, 28, 33, 37, 40, 46, 47, 48, 51, 52, 55, 56 => 32, 36
<23> 23, 26, 28, 40, 44, 46, 47, 48, 51, 52, 55, 56 => 43
<23> 23, 26, 27, 33, 36, 37, 44, 46, 47, 48 => 52, 56
<23> 22, 27, 33, 36, 37, 44, 46, 47, 48, 56 => 45
<23> 22, 26, 28, 33, 37, 43, 44, 45, 46, 47, 48, 56 => 32, 36
<23> 20, 32, 33, 36, 37, 40, 44, 45, 46, 47, 48, 51, 52, 55, 56 => 31, 35, 54
<23> 20, 32, 33, 35, 36, 37, 42, 43, 44, 47, 48, 51, 52, 55, 56 => 31
<23> 19, 33, 37, 40, 47, 48, 50, 51, 52, 54, 55, 56 => 32, 36
<23> 19, 32, 33, 35, 36, 37, 42, 43, 44, 47, 48, 52, 56 => 31
<23> 19, 27, 44, 48, 52, 55, 56 => 37, 47
<23> 14, 37, 42, 43, 44, 46, 47, 48, 56 => 33
<23> 14, 27, 37, 44, 48 => 33
<23> 8, 32, 33, 35, 36, 37, 43, 44, 46, 47, 48, 50, 51, 52, 54, 55, 56 => 4
<23> 8, 27, 33, 37, 52 => 32, 36
<23> 8, 26, 32, 33, 36, 37, 44, 46, 47, 48, 50, 51, 52, 54, 55, 56 => 4
<23> 8, 26, 32, 33, 35, 36, 37, 44, 46, 47, 48, 52, 56 => 31
<23> 5, 27, 31, 32, 33, 35, 36, 37, 44, 46, 47, 48, 51, 52, 54, 55, 56 => 45
<23> 4, 25, 33, 37, 40, 44, 45, 46, 47, 48, 51, 52, 55, 56 => 36
<23> 4, 24, 33, 37, 44, 46, 47, 48, 51, 52, 54, 55, 56 => 43, 45
<23> 4, 20, 33, 37, 40, 44, 46, 47, 48, 51, 52, 55, 56 => 32, 36
<23> 3, 27, 33, 37, 40, 44, 46, 47, 48, 52, 55, 56 => 36
<23> 3, 25, 33, 37, 43, 44, 47, 48 => 26
<23> 3, 25, 26, 33, 37, 44, 47, 48 => 43
<23> 3, 23, 26, 33, 37, 46, 47, 48 => 44
<23> 3, 21, 33, 36, 37, 44, 46, 47, 48 => 32
<23> 3, 4, 15, 33, 37, 40, 44, 48, 52, 56 => 43
<23> 2, 44, 45, 46, 47, 48, 52, 56 => 55
<23> 2, 28, 33, 37, 40, 43, 44, 47, 48, 52, 56 => 4
<23> 2, 27, 42, 43, 44, 47, 48, 56 => 37
<23> 2, 19, 44, 52, 56 => 48
<23> 2, 13, 44, 46, 47, 48, 51, 52, 56 => 55
<23> 2, 5, 27, 44 => 48
<23> 2, 4, 12, 40, 42, 43, 44, 48, 52, 56 => 28
<23> 1, 37, 39, 40, 42, 43, 44, 47, 48 => 33
<23> 1, 21, 33, 37, 44, 46, 47, 48, 56 => 52
<23> 0, 30, 31, 32, 33, 35, 36, 37, 40, 43, 44, 45, 46, 47, 48, 50, 51, 52, 53, 54, 55, 56 => 4
<23> 0, 24, 26, 32, 33, 36, 37, 46, 47, 48, 52, 56 => 45
<23> 0, 22, 33, 36, 37, 44, 46, 47, 48, 52, 56 => 32, 35, 45, 55
<23> 0, 21, 32, 33, 36, 37, 46, 47, 48, 52, 55, 56 => 45, 51
<23> 0, 21, 32, 33, 36, 37, 45, 46, 47, 48, 52, 56 => 51, 55
<23> 0, 8, 28, 33, 36, 37, 47, 48, 52, 56 => 40
<23> 0, 6, 31, 32, 33, 35, 36, 37, 44, 45, 46, 47, 48, 49, 50, 51, 52, 54, 55, 56 => 53
