<9> 39, 40, 41, 42, 43, 44, 45, 46, 47, 48, 52, 56 => 32, 33, 36, 37
<9> 37, 38, 39, 40, 43, 44, 47, 48, 52, 55, 56 => 46
<9> 33, 37, 39, 40, 41, 42, 43, 44, 47, 48, 52, 55, 56 => 32, 36, 46
<9> 32, 33, 36, 37, 38, 39, 40, 46, 47, 48, 50, 51, 52, 54, 55, 56 => 45
<9> 32, 33, 36, 37, 38, 39, 40, 45, 46, 47, 48, 51, 52, 55, 56 => 50, 54
<9> 32, 33, 35, 36, 37, 38, 39, 40, 47, 48, 52, 56 => 28, 31, 44, 46
<9> 27, 31, 32, 33, 35, 36, 37, 41, 42, 43, 44, 46, 47, 48, 51, 52, 55, 56 => 45
<9> 27, 31, 32, 33, 35, 36, 37, 41, 42, 43, 44, 45, 46, 47, 48, 52, 55, 56 => 51
<9> 26, 31, 32, 33, 35, 36, 37, 41, 42, 43, 44, 45, 46, 47, 48, 50, 51, 52, 54, 55, 56 => 0
<9> 26, 27, 31, 32, 33, 35, 36, 37, 41, 42, 43, 44, 46, 47, 48, 52, 56 => 45
<9> 25, 32, 33, 36, 37, 44, 45, 46, 47, 48, 50, 51, 52, 53, 54, 55, 56 => 4, 26, 31, 35
<9> 25, 26, 33, 37, 41, 42, 43, 44, 46, 47, 48 => 52, 56
<9> 25, 26, 32, 33, 36, 37, 39, 40, 42, 43, 44, 47, 48, 51, 52, 55, 56 => 31, 35
<9> 25, 26, 27, 32, 33, 36, 37, 42, 43, 44, 45, 46, 47, 48, 51, 52, 55, 56 => 0
<9> 24, 33, 37, 39, 40, 42, 43, 44, 46, 47, 48, 52, 55, 56 => 32, 36
<9> 24, 26, 31, 32, 33, 35, 36, 37, 40, 44, 45, 46, 47, 48, 50, 51, 52, 54, 55, 56 => 0
<9> 23, 26, 31, 32, 33, 35, 36, 37, 39, 40, 45, 46, 47, 48, 51, 52, 55, 56 => 0
<9> 22, 32, 33, 36, 37, 43, 44, 45, 46, 47, 48, 50, 51, 52, 53, 54, 55, 56 => 42
<9> 22, 26, 41, 42, 43, 44, 45, 46, 47, 48, 56 => 52
<9> 22, 26, 28, 32, 33, 36, 37, 40, 44, 45, 46, 47, 48, 51, 52, 54, 55, 56 => 50
<9> 21, 32, 33, 36, 37, 43, 44, 45, 46, 47, 48, 50, 51, 52, 53, 54, 55, 56 => 0
<9> 21, 26, 28, 33, 37, 40, 46, 47, 48, 50, 51, 52, 54, 55, 56 => 4
<9> 20, 28, 31, 32, 33, 35, 36, 37, 40, 44, 45, 46, 47, 48, 49, 50, 51, 52, 54, 55, 56 => 0
<9> 20, 27, 33, 36, 37, 40, 44, 48, 51, 52, 56 => 32
<9> 20, 27, 32, 33, 35, 36, 37, 44, 46, 47, 48, 51, 52, 55, 56 => 31
<9> 19, 32, 33, 36, 37, 40, 45, 46, 47, 48, 50, 51, 52, 53, 54, 55, 56 => 0
<9> 18, 37, 39, 40, 44, 48, 52, 56 => 33, 46, 47
<9> 17, 32, 33, 36, 37, 40, 41, 42, 43, 44, 46, 47, 48, 52, 56 => 55
<9> 17, 31, 32, 33, 35, 36, 37, 44, 45, 46, 47, 48, 50, 51, 52, 53, 54, 55, 56 => 0
<9> 17, 31, 32, 33, 35, 36, 37, 44, 45, 46, 47, 48, 49, 50, 51, 52, 54, 55, 56 => 0
<9> 17, 21, 32, 33, 36, 37, 44, 46, 47, 48, 56 => 43, 45
<9> 14, 33, 37, 41, 42, 43, 44, 46, 47, 48 => 26
<9> 14, 33, 36, 37, 43, 44, 47, 48 => 42
<9> 14, 33, 36, 37, 42, 43, 44, 48 => 47
<9> 14, 28, 37, 42, 43, 44, 48, 51, 52, 56 => 2
<9> 14, 25, 44, 48 => 26, 37, 42, 43, 47
<9> 14, 24, 44, 47, 48 => 26, 33, 37, 43, 46
<9> 14, 20, 44 => 37, 43, 48
<9> 14, 19, 44 => 43
<9> 11, 27, 37, 43, 44, 47, 48, 52, 55, 56 => 33
<9> 11, 27, 33, 37, 43, 44, 47, 48, 56 => 52, 55
<9> 11, 26, 43, 44, 45, 46, 47, 48, 56 => 52, 55
<9> 11, 24, 44, 47, 48 => 26, 40, 43, 46
<9> 11, 23, 44, 48 => 26, 40, 46, 47
<9> 8, 27, 32, 33, 36, 37, 40, 43, 44, 46, 47, 48, 51, 52, 54, 55, 56 => 45
<9> 8, 27, 32, 33, 36, 37, 40, 43, 44, 45, 46, 47, 48, 51, 52, 55, 56 => 54
<9> 8, 27, 32, 33, 35, 36, 37, 40, 43, 44, 46, 47, 48, 52, 56 => 31
<9> 8, 25, 33, 37, 48 => 26
<9> 8, 23, 26, 33, 37, 46, 47, 48, 52, 56 => 44
<9> 8, 22, 33, 37, 44, 46, 47, 48, 52, 56 => 26, 43
<9> 8, 19, 33, 37 => 32, 36, 44, 52
<9> 5, 39, 40, 41, 42, 43, 44, 48, 56 => 46, 47
<9> 5, 33, 37, 46, 47, 48, 49, 50, 51, 52, 54, 55, 56 => 32, 36, 44, 45
<9> 5, 27, 32, 33, 36, 37, 39, 40, 42, 43, 44, 45, 46, 47, 48, 52, 56 => 26
<9> 5, 25, 26, 32, 33, 36, 37, 40, 42, 43, 44, 47, 48, 52, 55, 56 => 31, 35
<9> 5, 25, 26, 31, 32, 33, 35, 36, 37, 40, 43, 44, 47, 48, 52, 55, 56 => 42
<9> 5, 24, 28, 40, 42, 43, 44, 47, 48, 52, 56 => 39
<9> 5, 24, 26, 27, 32, 33, 36, 37, 44, 46, 47, 48, 52, 56 => 45
<9> 5, 22, 33, 37, 43, 44, 45, 46, 47, 48, 51, 52, 55, 56 => 31, 32, 35, 36
<9> 5, 19, 33, 37, 47, 48, 50, 51, 52, 55, 56 => 32, 36, 46, 54
<9> 5, 19, 33, 37, 40, 42, 43, 44, 47, 48, 52, 56 => 32, 36
<9> 5, 19, 32, 33, 36, 37, 42, 43, 44, 48, 51, 52, 56 => 47, 55
<9> 5, 19, 28, 40, 47, 48, 51, 52, 55, 56 => 39
<9> 5, 19, 28, 32, 33, 36, 37, 40, 51, 52, 56 => 39
<9> 5, 19, 27, 32, 33, 36, 37, 43, 44, 47, 48, 52, 56 => 46
<9> 4, 39, 40, 41, 42, 43, 44, 48, 52, 56 => 28, 37, 51
<9> 4, 25, 26, 32, 33, 36, 37, 42, 43, 44, 45, 46, 47, 48, 51, 52, 55, 56 => 31, 35
<9> 4, 24, 26, 27, 32, 33, 36, 37, 44, 46, 47, 48, 51, 52, 55, 56 => 43
<9> 4, 22, 26, 31, 32, 33, 35, 36, 37, 42, 43, 44, 45, 46, 47, 48, 50, 51, 52, 54, 55, 56 => 0
<9> 4, 21, 32, 33, 36, 37, 39, 40, 45, 46, 47, 48, 51, 52, 55, 56 => 50, 54
<9> 4, 18, 37, 44, 48, 51, 52, 56 => 47, 55
<9> 4, 17, 27, 32, 33, 36, 37, 43, 44, 46, 47, 48, 51, 52, 55, 56 => 45
<9> 3, 29, 33, 37, 44, 46, 47, 48, 52, 55, 56 => 45
<9> 3, 25, 33, 37, 39, 40, 44, 47, 48 => 32, 36
<9> 3, 25, 26, 28, 33, 37, 40, 42, 43, 44, 46, 47, 48 => 52, 56
<9> 3, 24, 32, 33, 36, 37, 39, 40, 44, 46, 47, 48, 52, 56 => 31, 35
<9> 3, 23, 26, 31, 32, 33, 36, 37, 44, 45, 46, 47, 48, 52, 56 => 40, 43
<9> 3, 22, 26, 27, 33, 37, 44, 45, 46, 47, 48, 52, 55, 56 => 51
<9> 3, 21, 27, 33, 37, 44, 46, 47, 48, 56 => 43
<9> 3, 19, 28, 32, 33, 36, 37, 40, 44, 46, 47, 48, 52, 56 => 31
<9> 3, 19, 28, 32, 33, 36, 37, 40, 43, 44, 48, 51, 52, 56 => 4
<9> 3, 16, 26, 32, 33, 36, 37, 44, 46, 47, 48, 51, 52, 54, 55, 56 => 4
<9> 3, 16, 22, 26, 32, 33, 36, 37, 44, 46, 47, 48, 52, 56 => 45
<9> 3, 15, 33, 37, 44, 46, 47, 48, 51, 52, 54, 55, 56 => 50
<9> 3, 15, 33, 37, 41, 42, 43, 44, 47, 48, 52, 56 => 55
<9> 3, 15, 26, 27, 33, 37, 43, 44, 46, 47, 48, 51, 52, 55, 56 => 45
<9> 3, 15, 22, 26, 33, 37, 44, 46, 47, 48 => 42, 43
<9> 3, 15, 21, 33, 37, 43, 44, 47, 48 => 40
<9> 3, 15, 20, 33, 37, 44, 48, 52 => 36, 56
<9> 3, 15, 19, 33, 37, 44 => 52
<9> 3, 14, 33, 37, 43, 44, 48, 56 => 42, 47, 52
<9> 3, 5, 28, 32, 33, 36, 37, 40, 44, 47, 48, 52, 55, 56 => 31, 35
<9> 3, 5, 24, 32, 33, 36, 37, 44, 46, 47, 48 => 40
<9> 3, 5, 23, 26, 33, 36, 37, 44, 46, 47, 48 => 32, 40
<9> 3, 5, 21, 33, 37, 42, 43, 44, 46, 47, 48 => 32, 36
<9> 3, 5, 15, 33, 37, 41, 42, 43, 44, 48 => 26, 47
<9> 3, 5, 15, 28, 33, 37, 40, 43, 44, 47, 48 => 26
<9> 3, 4, 20, 33, 36, 37, 42, 43, 44, 48, 51, 52, 56 => 40
<9> 2, 28, 40, 41, 42, 43, 44, 48, 51, 52, 56 => 4
<9> 2, 25, 26, 33, 37, 43, 44, 47, 48 => 42
<9> 2, 24, 26, 39, 40, 43, 44, 47, 48 => 28
<9> 2, 22, 26, 28, 40, 43, 44, 46, 47, 48, 52, 56 => 4
<9> 2, 20, 42, 43, 44, 48, 51, 52, 55, 56 => 40
<9> 2, 19, 33, 37, 43, 44, 48, 51, 52, 56 => 42
<9> 2, 19, 33, 37, 42, 43, 44, 48, 52, 56 => 51
<9> 2, 19, 28, 40, 43, 44, 47, 48, 52, 56 => 42
<9> 2, 19, 28, 37, 40, 43, 44, 48, 52 => 42
<9> 2, 19, 27, 44, 52 => 48, 56
<9> 2, 13, 27, 37, 44, 47, 48, 52, 55, 56 => 51
<9> 2, 13, 23, 43, 44, 48 => 26, 40, 46, 47
<9> 2, 13, 21, 43, 44 => 26, 40, 46, 47, 48
<9> 2, 12, 19, 43, 44 => 42, 48, 52, 56
<9> 2, 5, 13, 40, 41, 42, 43, 44, 47, 48 => 46
<9> 2, 5, 12, 28, 39, 40, 42, 43, 44, 48, 56 => 47
<9> 2, 5, 11, 40, 44, 48 => 28
<9> 2, 4, 41, 42, 43, 44, 46, 47, 48, 52, 56 => 26
<9> 2, 4, 33, 37, 41, 42, 43, 44, 48, 52, 56 => 47
<9> 1, 28, 41, 42, 43, 44, 46, 47, 48 => 26
<9> 1, 28, 37, 38, 39, 40, 44, 47, 48 => 26
<9> 1, 25, 32, 33, 36, 37, 43, 44, 46, 47, 48, 51, 52, 55, 56 => 4
<9> 1, 24, 26, 39, 40, 44, 46, 47, 48, 56 => 52
<9> 1, 23, 26, 27, 44, 45, 46, 47, 48, 52, 56 => 51, 55
<9> 1, 21, 28, 37, 44, 47, 48, 52, 55, 56 => 4, 51
<9> 1, 20, 33, 37, 40, 43, 44, 47, 48, 51, 52, 55, 56 => 4
<9> 1, 10, 28, 33, 36, 37, 40, 43, 44, 47, 48, 52, 56 => 4, 51, 55
<9> 1, 10, 24, 26, 44, 46, 47, 48 => 37
<9> 1, 10, 23, 26, 44, 46, 47, 48 => 33, 37
<9> 1, 10, 21, 37, 44, 48 => 43, 52, 56
<9> 1, 10, 20, 37, 44, 52 => 33, 43
<9> 1, 9, 32, 33, 36, 37, 39, 40, 43, 44, 45, 46, 47, 48, 52, 56 => 26
<9> 1, 9, 31, 32, 33, 35, 36, 37, 43, 44, 47, 48, 52, 56 => 55
<9> 1, 9, 25, 33, 37, 44, 48 => 32, 36, 47
<9> 1, 9, 21, 33, 37, 44, 46, 47, 48 => 40, 52, 56
<9> 1, 8, 33, 36, 37, 42, 43, 44, 48, 52, 56 => 46, 47
<9> 1, 5, 41, 42, 43, 44, 47, 48 => 26, 46
<9> 1, 5, 33, 37, 43, 44, 47, 48, 51, 52, 55, 56 => 27
<9> 1, 5, 33, 37, 40, 43, 44, 47, 48, 52, 55, 56 => 46
<9> 1, 5, 33, 37, 39, 40, 42, 43, 44, 47, 48, 52, 56 => 36, 46
<9> 1, 5, 9, 33, 37, 44, 45, 46, 47, 48, 52, 56 => 32, 36
<9> 1, 4, 9, 33, 37, 39, 40, 44, 47, 48, 51, 52, 56 => 28
<9> 0, 33, 37, 38, 39, 40, 47, 48, 52, 56 => 32, 36, 51, 55
<9> 0, 27, 32, 33, 36, 37, 41, 42, 43, 44, 45, 46, 47, 48, 51, 52, 55, 56 => 26
<9> 0, 27, 31, 32, 33, 34, 35, 36, 37, 44, 45, 46, 47, 48, 50, 51, 52, 53, 54, 55, 56 => 30, 43
<9> 0, 21, 32, 33, 36, 37, 44, 45, 46, 47, 48, 50, 51, 52, 53, 54, 55, 56 => 43
<9> 0, 17, 32, 33, 36, 37, 44, 45, 46, 47, 48, 50, 51, 52, 53, 54, 55, 56 => 31, 35
<9> 0, 17, 32, 33, 36, 37, 44, 45, 46, 47, 48, 49, 50, 51, 52, 54, 55, 56 => 31, 35
<9> 0, 8, 32, 33, 36, 37, 42, 43, 44, 45, 46, 47, 48, 51, 52, 55, 56 => 26
<9> 0, 7, 31, 32, 33, 34, 35, 36, 37, 44, 45, 46, 47, 48, 51, 52, 54, 55, 56 => 40
<9> 0, 7, 23, 26, 32, 33, 36, 37, 45, 46, 47, 48, 52, 55, 56 => 43, 44
<9> 0, 6, 22, 32, 33, 35, 36, 37, 44, 45, 46, 47, 48, 52, 55, 56 => 26
<9> 0, 6, 21, 32, 33, 36, 37, 45, 46, 47, 48, 51, 52, 55, 56 => 31, 35, 44
<9> 0, 6, 19, 32, 33, 36, 37, 46, 47, 48, 51, 52, 55, 56 => 43, 44
<9> 0, 5, 30, 31, 32, 33, 35, 36, 37, 40, 44, 45, 46, 47, 48, 51, 52, 54, 55, 56 => 34, 39
<9> 0, 5, 21, 33, 36, 37, 42, 43, 44, 46, 47, 48, 52, 56 => 26
<9> 0, 5, 8, 33, 37, 39, 40, 44, 47, 48, 52, 56 => 28
<9> 0, 5, 6, 31, 32, 33, 34, 35, 36, 37, 44, 45, 46, 47, 48, 51, 52, 54, 55, 56 => 30
<9> 0, 4, 26, 30, 31, 32, 33, 35, 36, 37, 40, 43, 44, 45, 46, 47, 48, 49, 50, 51, 52, 53, 54, 55, 56 => 34
<9> 0, 4, 6, 30, 31, 32, 33, 34, 35, 36, 37, 39, 40, 43, 44, 45, 46, 47, 48, 50, 51, 52, 53, 54, 55, 56 => 49
