<19> 36, 37, 38, 39, 40 => 32, 33
<19> 28, 40, 41, 42, 43, 44, 45, 46, 47, 48, 51, 52, 55, 56 => 4
<19> 27, 32, 33, 36, 37, 40, 44, 45, 46, 47, 48, 50, 51, 52, 53, 54, 55, 56 => 31, 35
<19> 25, 26, 33, 37, 40, 42, 43, 44, 45, 46, 47, 48, 52, 56 => 31, 32, 35, 36
<19> 25, 26, 27, 37, 42, 43, 44, 46, 47, 48, 52, 56 => 33
<19> 24, 33, 37, 39, 40, 44, 46, 47, 48, 51, 52, 55, 56 => 32, 36
<19> 24, 32, 33, 35, 36, 37, 44, 46, 47, 48, 51, 52, 54, 55, 56 => 31
<19> 22, 26, 33, 36, 37, 39, 40, 44, 46, 47, 48 => 32
<19> 21, 41, 42, 43, 44, 46, 47, 48 => 26
<19> 21, 37, 41, 42, 43, 44, 47, 48 => 33
<19> 21, 27, 33, 37, 44, 45, 46, 47, 48, 56 => 43, 52
<19> 20, 32, 33, 35, 36, 37, 39, 40, 44, 47, 48, 50, 51, 52, 55, 56 => 54
<19> 20, 27, 33, 36, 37, 44, 48, 52 => 51, 56
<19> 19, 27, 33, 37, 43, 44, 46, 47, 48, 52, 56 => 32, 36
<19> 14, 28, 43, 44, 46, 47, 48 => 40
<19> 14, 26, 28, 43, 44, 47, 48 => 40
<19> 8, 28, 32, 33, 35, 36, 37, 40, 44, 47, 48, 52, 56 => 55
<19> 5, 22, 33, 37, 44, 46, 47, 48, 52, 55, 56 => 45
<19> 4, 23, 26, 27, 44, 45, 46, 47, 48, 52, 55, 56 => 51
<19> 4, 20, 39, 40, 44, 48, 51, 52, 56 => 47
<19> 3, 26, 33, 37, 41, 42, 43, 44, 46, 47, 48, 51, 52, 55, 56 => 4
<19> 3, 24, 33, 37, 46, 47, 48, 56 => 52
<19> 3, 20, 33, 37, 42, 43, 44, 48, 52 => 56
<19> 3, 20, 32, 33, 36, 37, 44, 48, 51, 52, 56 => 47, 55
<19> 3, 19, 33, 37, 40, 44, 48 => 36
<19> 3, 15, 33, 37, 40, 46, 47, 48, 52, 55, 56 => 36
<19> 3, 15, 26, 27, 33, 37, 44, 46, 47, 48 => 43
<19> 3, 5, 27, 33, 36, 37, 40, 44, 48 => 32
<19> 3, 5, 26, 32, 33, 36, 37, 40, 42, 43, 44, 47, 48, 52, 56 => 31, 35
<19> 3, 5, 16, 32, 33, 36, 37, 44, 45, 46, 47, 48, 52, 56 => 35
<19> 3, 5, 16, 32, 33, 36, 37, 42, 43, 44, 48, 52, 56 => 40
<19> 3, 5, 16, 26, 32, 33, 36, 37, 44, 47, 48, 52, 56 => 35
<19> 2, 33, 37, 39, 40, 44 => 28
<19> 2, 14, 33, 37, 42, 43, 44, 47, 48, 52, 56 => 4
<19> 2, 13, 40, 42, 43, 44, 47, 48, 51, 52, 56 => 55
<19> 2, 13, 28, 40, 43, 44, 48, 51, 52, 56 => 47
<19> 2, 13, 27, 44 => 48
<19> 2, 11, 44 => 40, 48
<19> 1, 33, 37, 39, 40, 42, 43, 44, 48, 52, 56 => 47
<19> 1, 28, 44, 45, 46, 47, 48, 52, 55, 56 => 40
<19> 1, 10, 33, 36, 37, 44, 47, 48, 56 => 52
<19> 1, 5, 33, 37, 43, 44, 45, 46, 47, 48, 52, 56 => 26
<19> 1, 5, 27, 37, 42, 43, 44, 47, 48 => 46
<19> 1, 5, 26, 33, 37, 44, 45, 46, 47, 48, 52, 56 => 43
<19> 1, 4, 10, 28, 44, 48, 52, 56 => 43
<19> 0, 30, 31, 32, 33, 35, 36, 37, 42, 43, 44, 45, 46, 47, 48, 50, 51, 52, 53, 54, 55, 56 => 4
<19> 0, 26, 31, 32, 33, 34, 35, 36, 37, 43, 44, 45, 46, 47, 48, 50, 51, 52, 53, 54, 55, 56 => 4
<19> 0, 21, 32, 33, 36, 37, 40, 44, 45, 46, 47, 48, 51, 52, 55, 56 => 31, 35
<19> 0, 7, 32, 33, 36, 37, 42, 43, 44, 46, 47, 48, 51, 52, 54, 55, 56 => 31, 35
<19> 0, 7, 27, 32, 33, 36, 37, 46, 47, 48, 51, 52, 55, 56 => 44, 45
<19> 0, 6, 31, 32, 33, 35, 36, 37, 42, 43, 44, 45, 46, 47, 48, 50, 51, 52, 53, 54, 55, 56 => 4
<19> 0, 6, 27, 31, 32, 33, 35, 36, 37, 44, 45, 46, 47, 48, 50, 51, 52, 54, 55, 56 => 43
