<26> 32, 33, 36, 37, 39, 40, 43, 44, 45, 46, 47, 48, 50, 51, 52, 53, 54, 55, 56 => 4
<26> 28, 31, 32, 33, 35, 36, 37, 40, 43, 44, 45, 46, 47, 48, 50, 51, 52, 53, 54, 55, 56 => 4
<26> 27, 37, 39, 40, 46, 47, 48, 52, 56 => 32, 33, 36
<26> 27, 33, 37, 39, 40, 47, 48 => 32, 36, 46, 52, 56
<26> 25, 26, 27, 33, 37, 45, 46, 47, 48, 52, 56 => 55
<26> 24, 26, 33, 37, 44, 46, 47, 48, 51, 52, 54, 55, 56 => 45
<26> 23, 26, 31, 32, 33, 36, 37, 40, 44, 45, 46, 47, 48, 52, 56 => 43
<26> 23, 26, 27, 44, 46, 47, 48, 52, 55, 56 => 45
<26> 22, 32, 33, 35, 36, 37, 44, 45, 46, 47, 48, 51, 52, 55, 56 => 31
<26> 19, 45, 46, 47, 48, 52, 56 => 33, 37, 50, 51, 54, 55
<26> 11, 43, 44, 48, 51, 52, 56 => 40, 47
<26> 11, 37, 39, 40, 44 => 28
<26> 5, 25, 26, 33, 36, 37, 40, 47, 48 => 32
<26> 5, 20, 37, 44, 47, 48, 52, 56 => 33
<26> 4, 24, 32, 33, 36, 37, 44, 45, 46, 47, 48, 51, 52, 55, 56 => 43
<26> 3, 26, 28, 32, 33, 36, 37, 40, 46, 47, 48, 51, 52, 55, 56 => 4
<26> 3, 22, 33, 37, 44, 46, 47, 48 => 26
<26> 3, 21, 33, 37, 47, 48 => 44
<26> 3, 20, 33, 37, 44 => 48, 52
<26> 3, 16, 32, 33, 36, 37, 39, 40, 44, 48, 52, 56 => 47
<26> 2, 27, 33, 37, 44, 47, 48 => 56
<26> 2, 25, 44, 48 => 26, 43, 47
<26> 2, 20, 44 => 43, 48
<26> 2, 12, 40, 42, 43, 44, 48, 51, 52, 56 => 28
<26> 2, 4, 13, 44, 47, 48, 51, 52, 56 => 55
<26> 1, 37, 40, 44, 48, 50, 51, 52, 55, 56 => 4, 47
<26> 1, 28, 33, 36, 37, 44, 48, 52, 55, 56 => 40
<26> 1, 24, 44, 47, 48 => 26, 46
<26> 1, 22, 44, 46, 47, 48 => 26
<26> 1, 20, 44 => 37, 52
<26> 0, 25, 33, 37, 47, 48, 52, 56 => 26, 32, 36, 46, 51, 55
<26> 0, 20, 32, 33, 36, 37, 44, 47, 48, 51, 52, 55, 56 => 35
<26> 0, 19, 32, 33, 36, 37, 48, 52, 56 => 47, 51, 55
