<38> 33, 37, 40, 46, 47, 48, 49, 50, 51, 52, 54, 55, 56 => 32, 36
<38> 26, 28, 32, 33, 36, 37, 40, 43, 44, 46, 47, 48, 50, 51, 52, 54, 55, 56 => 4
<38> 25, 32, 33, 35, 36, 37, 44, 47, 48, 52, 56 => 31
<38> 25, 31, 32, 33, 36, 37, 47, 48, 52, 56 => 35, 44
<38> 21, 39, 40 => 46, 47, 48
<38> 20, 44, 47, 48, 51, 52, 54, 55, 56 => 32, 33, 36, 37
<38> 20, 31, 32, 33, 36, 37, 44, 47, 48, 52, 56 => 35, 51, 55
<38> 5, 32, 33, 35, 36, 37, 47, 48, 50, 51, 52, 55, 56 => 31
<38> 5, 27, 33, 37, 40, 47, 48, 52, 55, 56 => 46
<38> 3, 27, 33, 37, 40, 44, 47, 48 => 46
<38> 1, 4, 42, 43, 44, 46, 47, 48, 52, 56 => 55
<38> 1, 4, 27, 44, 48, 52, 56 => 47, 51, 55
<38> 0, 7, 26, 32, 33, 36, 37, 46, 47, 48, 52, 55, 56 => 45
