<41> 30 => 0, 31, 32, 33, 35, 36, 37, 44, 45, 46, 47, 48, 51, 52, 54, 55, 56
<41> 28, 41, 42, 43, 44, 48, 51, 52, 56 => 40
<41> 26, 33, 37, 45, 46, 47, 48, 50, 51, 52, 53, 54, 55, 56 => 32, 36, 44
<41> 25, 39, 40, 48 => 47
<41> 25, 27, 48 => 26
<41> 20, 33, 36, 37, 44, 47, 48, 50, 51, 52, 55, 56 => 32
<41> 5, 21, 33, 37, 44, 47, 48 => 46
<41> 3, 33, 37, 39, 40, 44, 48, 56 => 32, 36, 52
<41> 2, 33, 37, 44, 48, 52, 55, 56 => 47
<41> 1, 44, 48, 50, 51, 52, 55, 56 => 37
<41> 1, 4, 44, 45, 46, 47, 48, 52, 55, 56 => 51
