<31> 32, 33, 36, 37, 42, 43, 44, 46, 47, 48, 49, 50, 51, 52, 54, 55, 56 => 31, 35
<31> 32, 33, 36, 37, 40, 42, 43, 44, 45, 46, 47, 48, 50, 51, 52, 53, 54, 55, 56 => 31, 35
<31> 32, 33, 35, 36, 37, 41, 42, 43, 44, 47, 48, 52, 56 => 31, 46
<31> 28, 32, 33, 36, 37, 40, 44, 45, 46, 47, 48, 50, 51, 52, 53, 54, 55, 56 => 31, 35
<31> 23, 26, 32, 33, 35, 36, 37, 46, 47, 48, 52, 56 => 31, 45
<31> 22, 31, 32, 33, 36, 37, 44, 46, 47, 48, 52, 56 => 35, 45
<31> 20, 28, 33, 37, 40, 44, 46, 47, 48, 51, 52, 55, 56 => 32, 36
<31> 19, 39, 40, 48, 52, 55, 56 => 51
<31> 8, 32, 33, 36, 37, 43, 44, 47, 48, 51, 52, 54, 55, 56 => 46
<31> 8, 31, 32, 33, 36, 37, 47, 48, 52, 56 => 35, 44
<31> 4, 41, 42, 43, 44, 45, 46, 47, 48, 52, 55, 56 => 51
<31> 4, 22, 26, 33, 36, 37, 44, 46, 47, 48, 52, 55, 56 => 51
<31> 4, 20, 32, 33, 36, 37, 44, 48, 51, 52, 56 => 47, 55
<31> 4, 8, 33, 37, 48, 52, 56 => 32, 36, 44, 47, 50, 51, 54, 55
<31> 3, 26, 28, 33, 37, 40, 44, 47, 48, 52, 55, 56 => 43
<31> 3, 15, 33, 37, 47, 48, 51, 52, 56 => 55
<31> 3, 15, 28, 33, 37, 40, 44 => 43
<31> 3, 5, 33, 37, 40, 44, 45, 46, 47, 48, 56 => 32, 36
<31> 3, 4, 33, 37, 41, 42, 43, 44, 48, 52, 56 => 51
<31> 1, 10, 44, 47, 48, 51, 52, 56 => 55
<31> 1, 5, 10, 44 => 37
<31> 0, 32, 33, 36, 37, 39, 40, 42, 43, 44, 46, 47, 48, 51, 52, 54, 55, 56 => 31, 35
