<7> 32, 33, 36, 37, 38, 39, 40, 43, 44, 45, 46, 47, 48, 52, 56 => 55
<7> 31, 32, 33, 35, 36, 37, 41, 42, 43, 44, 45, 46, 47, 48, 50, 51, 52, 53, 54, 55, 56 => 0
<7> 28, 31, 32, 33, 35, 36, 37, 38, 39, 40, 43, 44, 46, 47, 48, 52, 56 => 55
<7> 27, 33, 36, 37, 41, 42, 43, 44, 45, 46, 47, 48, 51, 52, 54, 55, 56 => 26
<7> 26, 37, 38, 39, 40, 44, 46, 47, 48, 52, 55, 56 => 43
<7> 26, 32, 33, 36, 37, 38, 39, 40, 46, 47, 48, 52, 55, 56 => 45
<7> 25, 31, 32, 33, 34, 35, 36, 37, 44, 45, 46, 47, 48, 51, 52, 54, 55, 56 => 0, 26, 30
<7> 25, 26, 32, 33, 36, 37, 39, 40, 44, 46, 47, 48, 50, 51, 52, 54, 55, 56 => 4
<7> 25, 26, 28, 37, 40, 41, 42, 43, 44, 46, 47, 48 => 52, 56
<7> 24, 41, 42, 43, 44, 45, 46, 47, 48, 56 => 26, 32, 33, 36, 37, 40, 52
<7> 24, 26, 32, 33, 36, 37, 40, 41, 42, 43, 44, 46, 47, 48, 52, 56 => 45
<7> 23, 26, 41, 42, 43, 44, 46, 47, 48, 51, 52, 55, 56 => 4, 45
<7> 23, 26, 28, 31, 32, 33, 35, 36, 37, 40, 45, 46, 47, 48, 51, 52, 54, 55, 56 => 0
<7> 22, 32, 33, 36, 37, 44, 45, 46, 47, 48, 49, 50, 51, 52, 54, 55, 56 => 31, 35, 42, 43, 53
<7> 22, 26, 31, 32, 33, 35, 36, 37, 39, 40, 44, 45, 46, 47, 48, 51, 52, 54, 55, 56 => 28, 50
<7> 21, 32, 33, 36, 37, 40, 44, 45, 46, 47, 48, 50, 51, 52, 53, 54, 55, 56 => 0, 4, 31, 35, 43
<7> 21, 31, 32, 33, 34, 35, 36, 37, 44, 45, 46, 47, 48, 51, 52, 54, 55, 56 => 0, 40, 43
<7> 21, 27, 31, 32, 33, 35, 36, 37, 43, 44, 45, 46, 47, 48, 50, 51, 52, 54, 55, 56 => 0
<7> 20, 32, 33, 36, 37, 40, 41, 42, 43, 44, 47, 48, 51, 52, 55, 56 => 4
<7> 20, 27, 32, 33, 36, 37, 40, 43, 44, 46, 47, 48, 51, 52, 55, 56 => 50
<7> 20, 27, 31, 32, 33, 35, 36, 37, 44, 46, 47, 48, 50, 51, 52, 54, 55, 56 => 45
<7> 19, 41, 42, 43, 44, 48, 52, 55, 56 => 37
<7> 19, 37, 41, 42, 43, 44, 48, 51, 52, 56 => 4
<7> 19, 28, 32, 33, 36, 37, 40, 41, 42, 43, 44, 52 => 3
<7> 19, 27, 33, 37, 44, 45, 46, 47, 48, 50, 51, 52, 53, 54, 55, 56 => 49
<7> 19, 27, 33, 37, 40, 42, 43, 44, 47, 48, 52, 56 => 51, 55
<7> 18, 28, 31, 32, 33, 35, 36, 37, 40, 44, 46, 47, 48, 51, 52, 54, 55, 56 => 39
<7> 18, 21, 33, 37, 44, 46, 47, 48, 51, 52, 54, 55, 56 => 50
<7> 17, 32, 33, 36, 37, 40, 44, 45, 46, 47, 48, 50, 51, 52, 53, 54, 55, 56 => 0, 31, 35
<7> 17, 32, 33, 36, 37, 40, 44, 45, 46, 47, 48, 49, 50, 51, 52, 54, 55, 56 => 0, 31, 35, 43
<7> 17, 32, 33, 36, 37, 40, 41, 42, 43, 44, 45, 46, 47, 48, 52, 55, 56 => 4, 51
<7> 17, 31, 32, 33, 35, 36, 37, 41, 42, 43, 44, 45, 46, 47, 48, 52, 55, 56 => 51
<7> 17, 31, 32, 33, 35, 36, 37, 40, 41, 42, 43, 44, 46, 47, 48, 52, 55, 56 => 3
<7> 17, 28, 32, 33, 36, 37, 40, 41, 42, 43, 44, 46, 47, 48, 56 => 3
<7> 17, 27, 32, 33, 36, 37, 40, 44, 45, 46, 47, 48, 50, 51, 52, 54, 55, 56 => 31, 35
<7> 17, 26, 27, 32, 33, 36, 37, 44, 45, 46, 47, 48, 51, 52, 54, 55, 56 => 0
<7> 17, 24, 26, 32, 33, 36, 37, 40, 44, 45, 46, 47, 48, 52, 55, 56 => 51
<7> 17, 19, 32, 33, 36, 37, 44, 46, 47, 48, 51, 52, 55, 56 => 40
<7> 14, 37, 44, 48, 50, 51, 52, 55, 56 => 4
<7> 14, 33, 36, 37, 44, 47, 48, 52, 55, 56 => 4, 51
<7> 14, 33, 36, 37, 44, 47, 48, 51, 52, 56 => 4, 55
<7> 14, 28, 41, 42, 43, 44, 48 => 2, 33, 37, 40
<7> 14, 27, 40, 43, 44, 48, 56 => 2
<7> 14, 27, 33, 37, 40, 43, 44, 46, 47, 48 => 26
<7> 14, 26, 33, 36, 37, 44, 47, 48 => 46
<7> 14, 23, 44, 48 => 26, 43, 46, 47
<7> 14, 21, 37, 43, 44, 46, 47, 48 => 33
<7> 14, 21, 33, 37, 43, 44, 47, 48 => 46
<7> 14, 20, 37, 40, 43, 44, 48 => 28
<7> 14, 20, 28, 37, 43, 44, 48 => 40
<7> 11, 39, 40, 43, 44, 47, 48, 51, 52, 56 => 4
<7> 8, 33, 37, 38, 39, 40, 47, 48, 52, 56 => 32, 36, 44, 55
<7> 8, 28, 31, 32, 33, 35, 36, 37, 40, 42, 43, 44, 46, 47, 48, 52, 55, 56 => 39
<7> 8, 25, 26, 32, 33, 36, 37, 46, 47, 48, 52, 55, 56 => 51
<7> 8, 22, 26, 33, 36, 37, 43, 44, 46, 47, 48, 52, 56 => 32, 40, 45, 55
<7> 5, 27, 31, 32, 33, 35, 36, 37, 39, 40, 44, 45, 46, 47, 48, 51, 52, 55, 56 => 0
<7> 5, 26, 31, 32, 33, 35, 36, 37, 40, 44, 45, 46, 47, 48, 50, 51, 52, 54, 55, 56 => 0
<7> 5, 26, 27, 32, 33, 36, 37, 41, 42, 43, 44, 45, 46, 47, 48, 51, 52, 55, 56 => 0
<7> 5, 25, 26, 32, 33, 36, 37, 39, 40, 44, 47, 48, 51, 52, 55, 56 => 31, 35
<7> 5, 24, 28, 31, 32, 33, 35, 36, 37, 40, 44, 46, 47, 48, 52, 56 => 39
<7> 5, 21, 31, 32, 33, 35, 36, 37, 44, 45, 46, 47, 48, 50, 51, 52, 54, 55, 56 => 0
<7> 5, 21, 26, 31, 32, 33, 35, 36, 37, 42, 43, 44, 45, 46, 47, 48, 51, 52, 55, 56 => 0
<7> 5, 20, 31, 32, 33, 35, 36, 37, 39, 40, 43, 44, 46, 47, 48, 51, 52, 54, 55, 56 => 45
<7> 5, 19, 28, 33, 37, 40, 42, 43, 44, 48, 52, 56 => 32, 36
<7> 5, 17, 26, 32, 33, 36, 37, 44, 45, 46, 47, 48, 51, 52, 55, 56 => 31, 35
<7> 5, 17, 26, 32, 33, 36, 37, 42, 43, 44, 45, 46, 47, 48, 52, 55, 56 => 27
<7> 5, 17, 26, 28, 32, 33, 36, 37, 40, 44, 45, 46, 47, 48, 56 => 3
<7> 5, 14, 41, 42, 43, 44, 48 => 2
<7> 5, 8, 32, 33, 36, 37, 39, 40, 44, 47, 48, 52, 55, 56 => 28
<7> 4, 37, 38, 39, 40, 44, 46, 47, 48, 52, 56 => 26, 43
<7> 4, 37, 38, 39, 40, 43, 44, 47, 48, 52, 56 => 26, 46
<7> 4, 26, 32, 33, 36, 37, 40, 41, 42, 43, 44, 46, 47, 48, 50, 51, 52, 54, 55, 56 => 28
<7> 4, 25, 26, 37, 41, 42, 43, 44, 46, 47, 48, 52, 56 => 51
<7> 4, 24, 28, 32, 33, 36, 37, 40, 42, 43, 44, 45, 46, 47, 48, 51, 52, 54, 55, 56 => 50
<7> 4, 23, 26, 32, 33, 36, 37, 39, 40, 43, 44, 45, 46, 47, 48, 51, 52, 55, 56 => 50, 54
<7> 4, 22, 26, 31, 32, 33, 35, 36, 37, 44, 45, 46, 47, 48, 50, 51, 52, 53, 54, 55, 56 => 0
<7> 4, 21, 27, 33, 37, 44, 46, 47, 48, 51, 52, 54, 55, 56 => 50
<7> 4, 21, 27, 33, 37, 43, 44, 45, 46, 47, 48, 51, 52, 55, 56 => 32, 36
<7> 4, 20, 27, 37, 40, 44, 48, 51, 52, 55, 56 => 43
<7> 4, 20, 27, 32, 33, 36, 37, 44, 47, 48, 51, 52, 55, 56 => 46, 50
<7> 4, 19, 41, 42, 43, 44, 48, 51, 52, 56 => 37
<7> 4, 18, 37, 44, 47, 48, 50, 51, 52, 55, 56 => 43
<7> 4, 18, 21, 37, 44, 51, 52, 56 => 43
<7> 4, 14, 33, 36, 37, 44, 47, 48, 52, 56 => 51, 55
<7> 3, 29, 33, 37, 43, 44, 45, 46, 47, 48, 52, 55, 56 => 26
<7> 3, 27, 33, 37, 40, 41, 42, 43, 44, 46, 47, 48 => 26
<7> 3, 27, 33, 36, 37, 41, 42, 43, 44, 46, 47, 48, 51, 52, 55, 56 => 45
<7> 3, 27, 32, 33, 36, 37, 39, 40, 44, 46, 47, 48, 52, 56 => 31, 35, 43
<7> 3, 26, 32, 33, 36, 37, 40, 44, 46, 47, 48, 51, 52, 54, 55, 56 => 4
<7> 3, 26, 32, 33, 36, 37, 39, 40, 43, 44, 46, 47, 48, 51, 52, 55, 56 => 4
<7> 3, 25, 28, 33, 37, 40, 44, 46, 47, 48, 52, 55, 56 => 4
<7> 3, 24, 28, 33, 37, 40, 45, 46, 47, 48, 52, 55, 56 => 4
<7> 3, 24, 28, 31, 32, 33, 35, 36, 37, 40, 44, 46, 47, 48, 52, 56 => 39
<7> 3, 22, 26, 33, 37, 41, 42, 43, 44, 46, 47, 48, 52, 56 => 45
<7> 3, 22, 26, 32, 33, 35, 36, 37, 44, 45, 46, 47, 48, 52, 56 => 31
<7> 3, 20, 32, 33, 36, 37, 44, 45, 46, 47, 48, 51, 52, 55, 56 => 43
<7> 3, 19, 33, 37, 42, 43, 44, 48, 51, 52, 56 => 4
<7> 3, 19, 27, 33, 37, 44, 48, 52 => 43
<7> 3, 16, 28, 32, 33, 36, 37, 40, 43, 44, 46, 47, 48, 51, 52, 54, 55, 56 => 42
<7> 3, 16, 21, 26, 32, 33, 36, 37, 43, 44, 46, 47, 48, 52, 56 => 45
<7> 3, 16, 20, 32, 33, 36, 37, 40, 43, 44, 47, 48, 52, 56 => 46, 51, 55
<7> 3, 16, 19, 32, 33, 36, 37, 40, 44, 47, 48, 52, 56 => 31, 46
<7> 3, 15, 32, 33, 35, 36, 37, 44, 47, 48, 52, 56 => 31, 46
<7> 3, 15, 31, 32, 33, 36, 37, 44, 47, 48, 52, 56 => 35, 46
<7> 3, 15, 24, 26, 33, 37, 44, 46, 47, 48 => 43
<7> 3, 15, 21, 32, 33, 36, 37, 40, 43, 44, 46, 47, 48 => 42
<7> 3, 15, 19, 33, 37, 44, 48, 52 => 32, 36
<7> 3, 5, 32, 33, 36, 37, 40, 41, 42, 43, 44, 46, 47, 48, 52, 56 => 31, 35
<7> 3, 5, 26, 33, 37, 41, 42, 43, 44, 46, 47, 48, 52, 56 => 45
<7> 3, 5, 26, 32, 33, 36, 37, 40, 44, 47, 48, 52, 55, 56 => 31, 35
<7> 3, 5, 25, 26, 33, 37, 40, 43, 44, 47, 48, 52, 56 => 31, 32, 35, 36
<7> 3, 5, 24, 32, 33, 36, 37, 40, 44, 46, 47, 48, 52, 56 => 31, 35
<7> 3, 5, 23, 26, 33, 37, 44, 45, 46, 47, 48, 52, 56 => 32, 36, 40
<7> 3, 5, 19, 33, 37, 42, 43, 44, 52 => 32, 36
<7> 3, 5, 15, 33, 37, 40, 44, 46, 47, 48, 56 => 27
<7> 3, 4, 32, 33, 36, 37, 39, 40, 44, 47, 48, 50, 51, 52, 55, 56 => 43, 46
<7> 3, 4, 27, 31, 32, 33, 35, 36, 37, 44, 46, 47, 48, 51, 52, 55, 56 => 43, 45
<7> 3, 4, 16, 31, 32, 33, 36, 37, 44, 46, 47, 48, 50, 51, 52, 55, 56 => 43
<7> 3, 4, 15, 33, 37, 44, 46, 47, 48, 50, 51, 52, 55, 56 => 54
<7> 2, 44, 47, 48, 51, 52, 54, 55, 56 => 4, 46
<7> 2, 33, 37, 41, 42, 43, 44, 46, 47, 48, 52, 56 => 55
<7> 2, 33, 36, 37, 44, 47, 48 => 14
<7> 2, 26, 37, 41, 42, 43, 44, 46, 47, 48, 52, 56 => 4
<7> 2, 24, 26, 27, 43, 44, 46, 47, 48 => 56
<7> 2, 23, 26, 33, 37, 40, 43, 44, 46, 47, 48 => 28
<7> 2, 22, 26, 37, 44, 46, 47, 48, 52, 55, 56 => 33
<7> 2, 20, 33, 37, 40, 43, 44, 48, 52 => 42
<7> 2, 20, 28, 39, 40, 43, 44, 48, 51, 52, 56 => 47
<7> 2, 19, 39, 40, 43, 44 => 28, 52
<7> 2, 19, 37, 40, 43, 44, 48, 51, 52, 55, 56 => 4
<7> 2, 14, 33, 37, 40, 41, 42, 43, 44, 48 => 28
<7> 2, 13, 23, 26, 28, 40, 43, 44, 46, 47, 48 => 37
<7> 2, 13, 21, 26, 28, 40, 43, 44, 46, 47, 48 => 56
<7> 2, 13, 20, 43, 44, 48, 51, 52, 56 => 47
<7> 2, 13, 19, 43, 44, 52 => 40
<7> 2, 12, 28, 37, 40, 43, 44, 47, 48, 52, 56 => 4
<7> 2, 12, 27, 42, 43, 44 => 37
<7> 2, 12, 26, 43, 44, 45, 46, 47, 48, 56 => 4, 40, 51, 52, 55
<7> 2, 12, 25, 26, 43, 44, 46, 47, 48 => 56
<7> 2, 12, 20, 40, 43, 44, 47, 48, 51, 52, 56 => 28
<7> 2, 12, 20, 40, 42, 43, 44, 48, 52, 56 => 28
<7> 2, 12, 20, 28, 40, 43, 44, 48, 51, 52, 56 => 47
<7> 2, 11, 33, 37, 40, 44, 48 => 47
<7> 2, 11, 26, 28, 37, 40, 44, 46, 47, 48 => 39
<7> 2, 5, 28, 37, 43, 44, 48, 52 => 42
<7> 2, 5, 23, 26, 37, 40, 43, 44, 47, 48 => 28
<7> 2, 5, 13, 40, 42, 43, 44, 48, 56 => 37
<7> 2, 5, 13, 27, 40, 42, 43, 44, 47, 48 => 46
<7> 2, 4, 23, 26, 43, 44, 45, 46, 47, 48, 52, 55, 56 => 42, 51
<7> 2, 4, 22, 26, 37, 44, 46, 47, 48, 52, 56 => 33
<7> 1, 41, 42, 43, 44, 48, 52, 55, 56 => 4, 47, 51
<7> 1, 41, 42, 43, 44, 47, 48, 51, 52, 56 => 4, 55
<7> 1, 33, 37, 44, 45, 46, 47, 48, 50, 51, 52, 53, 54, 55, 56 => 32, 36
<7> 1, 31, 32, 33, 35, 36, 37, 42, 43, 44, 47, 48, 51, 52, 54, 55, 56 => 4, 50
<7> 1, 28, 31, 32, 33, 35, 36, 37, 40, 43, 44, 47, 48, 52, 56 => 39, 55
<7> 1, 27, 41, 42, 43, 44, 48 => 33, 37
<7> 1, 25, 26, 27, 44, 48 => 33, 37, 43
<7> 1, 24, 26, 40, 42, 43, 44, 46, 47, 48, 52, 56 => 55
<7> 1, 24, 26, 32, 33, 36, 37, 44, 45, 46, 47, 48, 52, 56 => 43
<7> 1, 24, 26, 28, 37, 40, 44, 46, 47, 48, 52, 55, 56 => 4
<7> 1, 24, 26, 27, 44, 46, 47, 48 => 56
<7> 1, 23, 26, 42, 43, 44, 45, 46, 47, 48, 52, 55, 56 => 51
<7> 1, 23, 26, 33, 37, 39, 40, 44, 46, 47, 48, 52, 56 => 43
<7> 1, 23, 26, 33, 37, 39, 40, 43, 44, 46, 47, 48 => 52, 56
<7> 1, 22, 26, 28, 32, 33, 36, 37, 40, 44, 46, 47, 48, 52, 56 => 43
<7> 1, 20, 33, 37, 43, 44, 48, 50, 51, 52, 55, 56 => 4
<7> 1, 19, 33, 37, 44, 46, 47, 48, 51, 52, 55, 56 => 32, 36
<7> 1, 19, 32, 33, 36, 37, 42, 43, 44, 48, 51, 52, 56 => 47, 55
<7> 1, 19, 27, 33, 37, 43, 44, 48, 51, 52, 56 => 32, 36
<7> 1, 11, 39, 40, 43, 44, 47, 48, 52, 56 => 4
<7> 1, 10, 41, 42, 43, 44, 48, 52, 56 => 47
<7> 1, 10, 25, 26, 33, 37, 40, 43, 44, 47, 48 => 28
<7> 1, 10, 24, 26, 28, 37, 44, 46, 47, 48 => 40
<7> 1, 10, 21, 37, 43, 44, 47, 48, 52, 55, 56 => 51
<7> 1, 10, 21, 33, 37, 43, 44, 46, 47, 48, 52, 56 => 26
<7> 1, 10, 20, 33, 37, 42, 43, 44, 52 => 56
<7> 1, 9, 31, 32, 33, 35, 36, 37, 43, 44, 46, 47, 48, 51, 52, 55, 56 => 27
<7> 1, 9, 28, 33, 37, 39, 40, 44, 46, 47, 48, 52, 55, 56 => 26
<7> 1, 5, 28, 33, 37, 44, 45, 46, 47, 48, 52, 56 => 26, 43
<7> 1, 5, 28, 33, 37, 38, 39, 40, 44 => 32, 36
<7> 1, 5, 20, 37, 42, 43, 44, 52 => 40
<7> 1, 5, 19, 37, 43, 44, 52, 56 => 33
<7> 1, 5, 10, 37, 44, 51, 52, 56 => 43
<7> 1, 5, 9, 33, 37, 44, 48, 52, 55, 56 => 32, 36
<7> 1, 4, 41, 42, 43, 44, 48, 52, 56 => 47, 51, 55
<7> 1, 4, 24, 26, 42, 43, 44, 46, 47, 48, 52, 55, 56 => 51
<7> 1, 4, 20, 27, 33, 37, 43, 44, 47, 48, 51, 52, 55, 56 => 42
<7> 1, 4, 10, 27, 33, 36, 37, 43, 44, 47, 48, 51, 52, 55, 56 => 42
<7> 0, 28, 33, 37, 41, 42, 43, 44, 46, 47, 48, 52, 56 => 40
<7> 0, 26, 27, 31, 32, 33, 35, 36, 37, 43, 44, 45, 46, 47, 48, 49, 50, 51, 52, 53, 54, 55, 56 => 42
<7> 0, 25, 26, 31, 32, 33, 35, 36, 37, 39, 40, 43, 44, 45, 46, 47, 48, 51, 52, 55, 56 => 42
<7> 0, 25, 26, 30, 31, 32, 33, 35, 36, 37, 44, 45, 46, 47, 48, 51, 52, 54, 55, 56 => 34
<7> 0, 23, 26, 32, 33, 36, 37, 44, 45, 46, 47, 48, 50, 51, 52, 53, 54, 55, 56 => 31, 35
<7> 0, 22, 26, 31, 32, 33, 35, 36, 37, 44, 45, 46, 47, 48, 50, 51, 52, 53, 54, 55, 56 => 4
<7> 0, 21, 30, 31, 32, 33, 35, 36, 37, 44, 45, 46, 47, 48, 51, 52, 54, 55, 56 => 43, 50
<7> 0, 20, 31, 32, 33, 35, 36, 37, 39, 40, 44, 45, 46, 47, 48, 49, 50, 51, 52, 54, 55, 56 => 28
<7> 0, 18, 33, 37, 44, 47, 48, 52, 56 => 31, 32, 35, 36, 40, 45, 46, 50, 51, 54, 55
<7> 0, 8, 33, 37, 39, 40, 42, 43, 44, 46, 47, 48, 52, 56 => 28
<7> 0, 7, 31, 32, 33, 35, 36, 37, 39, 40, 42, 43, 44, 45, 46, 47, 48, 50, 51, 52, 54, 55, 56 => 4
<7> 0, 7, 30, 31, 32, 33, 35, 36, 37, 44, 45, 46, 47, 48, 51, 52, 54, 55, 56 => 50, 53
<7> 0, 7, 24, 26, 32, 33, 36, 37, 44, 45, 46, 47, 48, 52, 55, 56 => 40, 43
<7> 0, 7, 23, 26, 32, 33, 36, 37, 43, 44, 45, 46, 47, 48, 51, 52, 55, 56 => 31, 35
<7> 0, 7, 21, 32, 33, 36, 37, 44, 45, 46, 47, 48, 51, 52, 55, 56 => 43
<7> 0, 7, 19, 32, 33, 36, 37, 46, 47, 48, 51, 52, 55, 56 => 45, 50, 54
<7> 0, 6, 27, 31, 32, 33, 35, 36, 37, 39, 40, 44, 45, 46, 47, 48, 51, 52, 55, 56 => 43, 54
<7> 0, 6, 23, 26, 31, 32, 33, 35, 36, 37, 44, 45, 46, 47, 48, 51, 52, 55, 56 => 43
<7> 0, 6, 19, 31, 32, 33, 35, 36, 37, 43, 44, 46, 47, 48, 50, 51, 52, 54, 55, 56 => 45
<7> 0, 5, 31, 32, 33, 34, 35, 36, 37, 39, 40, 44, 45, 46, 47, 48, 50, 51, 52, 54, 55, 56 => 30
<7> 0, 5, 19, 32, 33, 36, 37, 39, 40, 47, 48, 51, 52, 55, 56 => 28
<7> 0, 4, 26, 32, 33, 36, 37, 39, 40, 44, 45, 46, 47, 48, 49, 50, 51, 52, 53, 54, 55, 56 => 43
<7> 0, 4, 26, 28, 31, 32, 33, 35, 36, 37, 40, 44, 45, 46, 47, 48, 49, 50, 51, 52, 53, 54, 55, 56 => 30, 34, 43
<7> 0, 4, 7, 32, 33, 36, 37, 40, 44, 45, 46, 47, 48, 49, 50, 51, 52, 54, 55, 56 => 31, 35
