<29> 26, 31, 32, 33, 34, 35, 36, 37, 44, 45, 46, 47, 48, 51, 52, 54, 55, 56 => 0
<29> 25, 47, 48, 51, 52, 54, 55, 56 => 44, 46
<29> 25, 33, 36, 37, 39, 40, 47, 48 => 32
<29> 24, 32, 33, 35, 36, 37, 46, 47, 48, 52, 56 => 44
<29> 23, 26, 46, 47, 48, 51, 52, 54, 55, 56 => 33, 37, 45
<29> 23, 26, 39, 40, 46, 47, 48, 56 => 52
<29> 22, 27, 37, 44, 46, 47, 48, 52, 55, 56 => 33
<29> 22, 26, 28, 33, 36, 37, 44, 46, 47, 48, 56 => 32
<29> 21, 32, 33, 35, 36, 37, 46, 47, 48, 52, 56 => 44, 45
<29> 21, 28, 45, 46, 47, 48, 56 => 40
<29> 20, 44, 45, 46, 47, 48, 51, 52, 55, 56 => 32, 33, 36, 37
<29> 19, 32, 33, 35, 36, 37, 40, 47, 48, 52, 56 => 31
<29> 14, 44, 48, 52, 55, 56 => 37
<29> 11, 43, 44, 48, 52, 55, 56 => 47
<29> 5, 33, 36, 37, 41, 42, 43, 44, 47, 48 => 46
<29> 5, 23, 26, 37, 46, 47, 48, 56 => 33
<29> 4, 25, 44, 45, 46, 47, 48, 52, 55, 56 => 51
<29> 4, 24, 28, 46, 47, 48, 52, 56 => 40
<29> 4, 14, 37, 44, 47, 48, 52, 56 => 33
<29> 4, 14, 33, 37, 44, 48, 52, 56 => 47
<29> 3, 15, 26, 33, 37, 40, 44, 47, 48 => 43
<29> 3, 4, 27, 33, 37, 44, 47, 48, 52, 56 => 51
<29> 2, 28, 37, 40, 43, 44, 46, 47, 48, 52, 56 => 4
<29> 2, 27, 33, 37, 44 => 48
<29> 2, 5, 13, 44 => 43
<29> 1, 26, 33, 36, 37, 42, 43, 44, 47, 48 => 46
<29> 1, 4, 10, 44, 47, 48, 52, 56 => 55
<29> 0, 7, 26, 31, 32, 33, 35, 36, 37, 45, 46, 47, 48, 52, 55, 56 => 44
<29> 0, 6, 32, 33, 36, 37, 39, 40, 46, 47, 48, 51, 52, 54, 55, 56 => 31, 35, 45
<29> 0, 4, 30, 31, 32, 33, 35, 36, 37, 44, 45, 46, 47, 48, 50, 51, 52, 54, 55, 56 => 53
