<59> 33, 37, 43, 44, 45, 46, 47, 48, 50, 51, 52, 53, 54, 55, 56 => 32, 36
<59> 27, 32, 33, 35, 36, 37, 44, 46, 47, 48, 50, 51, 52, 55, 56 => 54
<59> 26, 27, 33, 36, 37, 44, 46, 47, 48, 51, 52, 54, 55, 56 => 45
<59> 19, 33, 37, 48, 52, 55, 56 => 47
<59> 16 => 3, 32, 33, 36, 37, 44, 48, 52, 56
<59> 14 => 44
<59> 13 => 2, 44
<59> 5, 27, 37, 48, 51, 52, 56 => 33
<59> 5, 26, 47, 48, 51, 52, 56 => 33, 37, 55
<59> 3, 5, 33, 36, 37, 44, 52 => 32
<59> 3, 5, 33, 36, 37, 44, 48, 56 => 32
<59> 2, 26, 43, 44, 46, 47, 48, 52, 55, 56 => 4
<59> 2, 26, 37, 44, 47, 48, 56 => 46
