<27> 27, 39, 40, 47, 48, 56 => 46, 52
<27> 27, 39, 40, 46, 47, 48 => 52, 56
<27> 24, 26, 32, 33, 35, 36, 37, 44, 46, 47, 48, 52, 56 => 45
<27> 22, 26, 37, 39, 40, 44, 46, 47, 48 => 33
<27> 21, 33, 37, 47, 48, 50, 51, 52, 55, 56 => 46, 54
<27> 21, 33, 36, 37, 39, 40, 46, 47, 48 => 32
<27> 21, 32, 33, 35, 36, 37, 44, 45, 46, 47, 48, 52, 55, 56 => 31
<27> 21, 28, 42, 43, 44, 46, 47, 48, 52, 55, 56 => 26
<27> 21, 28, 33, 36, 37, 40, 46, 47, 48, 52, 55, 56 => 32
<27> 20, 33, 37, 39, 40, 44, 48, 51, 52, 55, 56 => 32, 36
<27> 20, 32, 33, 36, 37, 39, 40, 44, 48, 51, 52, 56 => 55
<27> 20, 32, 33, 35, 36, 37, 44, 45, 46, 47, 48, 51, 52, 55, 56 => 31
<27> 19, 43, 44, 47, 48, 50, 51, 52, 54, 55, 56 => 46
<27> 19, 32, 33, 35, 36, 37, 47, 48, 50, 51, 52, 55, 56 => 46
<27> 19, 31, 32, 33, 36, 37, 47, 48, 50, 51, 52, 55, 56 => 46
<27> 19, 27, 44, 47, 48, 52, 56 => 37
<27> 17, 32, 33, 36, 37, 44, 46, 47, 48, 50, 51, 52, 55, 56 => 45, 54
<27> 17, 27, 32, 33, 36, 37, 44, 46, 47, 48, 56 => 52
<27> 14, 37, 43, 44, 48, 52, 55, 56 => 4
<27> 14, 28, 33, 37, 43, 44 => 40
<27> 4, 23, 26, 28, 40, 44, 46, 47, 48, 52, 55, 56 => 43
<27> 4, 22, 26, 28, 44, 46, 47, 48, 52, 56 => 40
<27> 3, 27, 33, 37, 40, 44, 45, 46, 47, 48, 56 => 36
<27> 3, 15, 26, 33, 37, 47, 48, 56 => 46
<27> 2, 24, 44, 47, 48 => 26, 43
<27> 2, 13, 26, 40, 43, 44, 47, 48, 56 => 46
<27> 2, 12, 39, 40, 43, 44 => 48
<27> 2, 5, 28, 37, 40, 44, 46, 47, 48 => 26
<27> 1, 28, 33, 36, 37, 44, 51, 52, 56 => 40
<27> 1, 23, 44, 48 => 26, 46, 47
<27> 1, 21, 44 => 37, 48
<27> 1, 9, 33, 36, 37, 39, 40, 44 => 52
<27> 1, 5, 9, 33, 37, 43, 44 => 40
<27> 0, 20, 33, 37, 44, 52 => 32, 36, 48, 51, 56
<27> 0, 19, 33, 37, 52 => 32, 36
<27> 0, 4, 7, 32, 33, 36, 37, 46, 47, 48, 51, 52, 54, 55, 56 => 50
