<34> 27, 41, 42, 43, 44, 47, 48, 56 => 33, 37
<34> 25, 35, 36, 37, 43, 44, 47, 48 => 26
<34> 25, 28, 33, 36, 37, 40, 44, 47, 48 => 32
<34> 24, 28, 46, 47, 48, 52, 55, 56 => 40
<34> 24, 27, 47, 48 => 26, 44, 46
<34> 19, 33, 37, 40, 46, 47, 48, 52, 56 => 32, 36
<34> 19, 27 => 44, 52
<34> 4, 25, 33, 36, 37, 44, 46, 47, 48, 52, 55, 56 => 51
<34> 1, 37, 44, 46, 47, 48, 50, 51, 52, 55, 56 => 33, 54
<34> 1, 33, 36, 37, 44, 47, 48, 51, 52, 54, 55, 56 => 32
<34> 1, 33, 36, 37, 44, 47, 48, 50, 51, 52, 55, 56 => 32
<34> 0, 32, 33, 36, 37, 42, 43, 44, 45, 46, 47, 48, 50, 51, 52, 53, 54, 55, 56 => 31, 35
<34> 0, 7, 32, 33, 36, 37, 39, 40, 46, 47, 48, 52, 55, 56 => 45
<34> 0, 6, 28, 32, 33, 35, 36, 37, 46, 47, 48, 51, 52, 55, 56 => 31
