<28> 27, 39, 40 => 47, 48
<28> 26, 32, 33, 36, 37, 40, 44, 45, 46, 47, 48, 50, 51, 52, 53, 54, 55, 56 => 4
<28> 25, 33, 37, 44, 46, 47, 48, 51, 52, 54, 55, 56 => 36
<28> 25, 26, 33, 36, 37, 40, 42, 43, 44, 47, 48 => 32
<28> 24, 46, 47, 48, 51, 52, 54, 55, 56 => 33, 37, 44
<28> 24, 31, 32, 33, 36, 37, 46, 47, 48, 52, 56 => 35, 44
<28> 23, 26, 33, 37, 45, 46, 47, 48, 50, 51, 52, 54, 55, 56 => 44
<28> 23, 26, 33, 37, 44, 45, 46, 47, 48, 51, 52, 54, 55, 56 => 50
<28> 23, 26, 28, 33, 36, 37, 46, 47, 48 => 40
<28> 21, 47, 48, 50, 51, 52, 55, 56 => 37
<28> 21, 33, 36, 37, 46, 47, 48, 51, 52, 54, 55, 56 => 32, 45
<28> 21, 31, 32, 33, 36, 37, 46, 47, 48, 52, 56 => 35, 44, 45
<28> 19, 33, 37, 43, 44, 46, 47, 48, 50, 51, 52, 55, 56 => 32, 36
<28> 14, 37, 44, 47, 48, 52, 55, 56 => 33
<28> 14, 33, 37, 44, 48, 52, 55, 56 => 47
<28> 8, 32, 33, 35, 36, 37, 44, 47, 48, 51, 52, 54, 55, 56 => 46
<28> 5, 32, 33, 36, 37, 40, 46, 47, 48, 50, 51, 52, 54, 55, 56 => 31, 35
<28> 5, 32, 33, 36, 37, 39, 40, 46, 47, 48, 51, 52, 54, 55, 56 => 31, 35
<28> 5, 28, 33, 37, 42, 43, 44, 48, 51, 52, 56 => 32, 36
<28> 5, 21, 28, 44, 46, 47, 48 => 40
<28> 4, 32, 33, 36, 37, 39, 40, 42, 43, 44, 45, 46, 47, 48, 51, 52, 55, 56 => 54
<28> 4, 31, 32, 33, 34, 35, 36, 37, 44, 45, 46, 47, 48, 51, 52, 54, 55, 56 => 50, 53
<28> 3, 33, 37, 40, 41, 42, 43, 44, 46, 47, 48, 56 => 32, 36
<28> 3, 33, 37, 39, 40, 42, 43, 44 => 32, 36
<28> 3, 17, 32, 33, 36, 37, 44, 46, 47, 48, 52, 55, 56 => 43
<28> 3, 4, 15, 33, 37, 47, 48, 52, 56 => 55
<28> 2, 13, 26, 37, 40, 42, 43, 44, 47, 48 => 46
<28> 1, 28, 42, 43, 44, 48, 51, 52, 55, 56 => 4
<28> 1, 9, 33, 37, 39, 40, 44, 48 => 56
<28> 1, 9, 33, 36, 37, 44, 48, 52, 55, 56 => 32
<28> 1, 4, 33, 37, 43, 44, 47, 48, 51, 52, 54, 55, 56 => 32, 36
<28> 0, 6, 28, 32, 33, 36, 37, 40, 46, 47, 48, 51, 52, 54, 55, 56 => 31, 35
<28> 0, 5, 7, 32, 33, 36, 37, 46, 47, 48, 52, 55, 56 => 45
