<11> 39, 40, 41, 42, 43, 44, 48, 51, 52, 56 => 37
<11> 37, 38, 39, 40, 45, 46, 47, 48, 52, 56 => 32, 33, 36
<11> 27, 32, 33, 36, 37, 39, 40, 44, 46, 47, 48, 50, 51, 52, 55, 56 => 31, 35, 43, 45, 54
<11> 26, 29, 33, 37, 43, 44, 45, 46, 47, 48, 50, 51, 52, 54, 55, 56 => 4
<11> 25, 28, 40, 43, 44, 46, 47, 48, 51, 52, 54, 55, 56 => 4
<11> 24, 37, 41, 42, 43, 44, 46, 47, 48, 56 => 33, 36
<11> 23, 26, 33, 36, 37, 42, 43, 44, 45, 46, 47, 48, 50, 51, 52, 54, 55, 56 => 32
<11> 22, 26, 33, 37, 41, 42, 43, 44, 46, 47, 48, 56 => 52
<11> 21, 28, 41, 42, 43, 44, 47, 48 => 40
<11> 20, 32, 33, 36, 37, 39, 40, 42, 43, 44, 47, 48, 51, 52, 55, 56 => 31, 35
<11> 20, 28, 33, 37, 41, 42, 43, 44, 48, 52 => 40
<11> 19, 32, 33, 36, 37, 43, 44, 46, 47, 48, 49, 50, 51, 52, 54, 55, 56 => 31, 35
<11> 19, 32, 33, 36, 37, 42, 43, 44, 45, 46, 47, 48, 50, 51, 52, 54, 55, 56 => 0, 31, 35
<11> 19, 27, 32, 33, 36, 37, 40, 43, 44, 48, 52, 56 => 51
<11> 18, 33, 37, 44, 47, 48, 50, 51, 52, 55, 56 => 46, 54
<11> 18, 33, 37, 40, 44, 46, 47, 48, 51, 52, 54, 55, 56 => 32, 36
<11> 18, 28, 33, 37, 44, 47, 48, 52, 56 => 40
<11> 17, 32, 33, 36, 37, 41, 42, 43, 44, 45, 46, 47, 48, 52, 56 => 55
<11> 14, 41, 42, 43, 44, 48, 56 => 51, 52
<11> 14, 39, 40, 43, 44 => 5, 28, 33, 37
<11> 14, 28, 33, 37, 40, 43, 44, 47, 48, 56 => 42, 52
<11> 11, 28, 37, 39, 40, 43, 44, 47, 48, 52, 56 => 4
<11> 11, 26, 28, 37, 40, 43, 44, 46, 47, 48, 52, 56 => 4
<11> 8, 26, 28, 32, 33, 36, 37, 39, 40, 44, 45, 46, 47, 48, 51, 52, 55, 56 => 31, 35
<11> 8, 26, 28, 32, 33, 36, 37, 39, 40, 43, 44, 45, 46, 47, 48, 52, 55, 56 => 31, 35
<11> 5, 32, 33, 36, 37, 40, 41, 42, 43, 44, 45, 46, 47, 48, 56 => 26
<11> 5, 28, 39, 40, 41, 42, 43, 44, 47, 48 => 46
<11> 5, 27, 31, 32, 33, 35, 36, 37, 40, 42, 43, 44, 45, 46, 47, 48, 51, 52, 54, 55, 56 => 0
<11> 5, 26, 33, 37, 42, 43, 44, 45, 46, 47, 48, 50, 51, 52, 54, 55, 56 => 27
<11> 5, 26, 32, 33, 36, 37, 42, 43, 44, 47, 48, 50, 51, 52, 55, 56 => 31, 35
<11> 5, 26, 31, 32, 33, 35, 36, 37, 41, 42, 43, 44, 46, 47, 48, 52, 56 => 45
<11> 5, 26, 27, 32, 33, 36, 37, 44, 45, 46, 47, 48, 50, 51, 52, 54, 55, 56 => 31, 35
<11> 5, 22, 26, 33, 37, 39, 40, 44, 46, 47, 48, 52, 56 => 32, 36
<11> 5, 21, 33, 37, 40, 44, 45, 46, 47, 48, 51, 52, 55, 56 => 31, 32, 35, 36
<11> 5, 19, 27, 37, 43, 44, 47, 48, 52, 56 => 33
<11> 5, 18, 44, 52 => 48
<11> 5, 17, 32, 33, 36, 37, 44, 45, 46, 47, 48, 51, 52, 54, 55, 56 => 50
<11> 5, 11, 33, 37, 42, 43, 44 => 1
<11> 5, 11, 28, 40, 43, 44, 52 => 42
<11> 5, 11, 28, 39, 40, 44, 47, 48 => 26
<11> 5, 8, 27, 33, 37, 44 => 43
<11> 4, 31, 32, 33, 36, 37, 40, 41, 42, 43, 44, 46, 47, 48, 51, 52, 54, 55, 56 => 28
<11> 4, 29, 33, 37, 43, 44, 45, 46, 47, 48, 50, 51, 52, 54, 55, 56 => 26
<11> 4, 27, 39, 40, 44, 46, 47, 48, 51, 52, 55, 56 => 43, 45
<11> 4, 20, 32, 33, 35, 36, 37, 39, 40, 44, 47, 48, 51, 52, 55, 56 => 50, 54
<11> 4, 19, 27, 33, 37, 44, 46, 47, 48, 51, 52, 55, 56 => 50, 54
<11> 4, 17, 32, 33, 36, 37, 42, 43, 44, 45, 46, 47, 48, 51, 52, 54, 55, 56 => 40
<11> 4, 14, 28, 37, 42, 43, 44, 48, 52, 56 => 40
<11> 4, 11, 28, 39, 40, 43, 44, 47, 48, 52, 56 => 37
<11> 4, 8, 32, 33, 36, 37, 42, 43, 44, 46, 47, 48, 50, 51, 52, 54, 55, 56 => 40
<11> 3, 32, 33, 36, 37, 39, 40, 44, 46, 47, 48, 51, 52, 54, 55, 56 => 31, 35
<11> 3, 32, 33, 36, 37, 39, 40, 42, 43, 44, 47, 48, 52, 55, 56 => 28
<11> 3, 31, 32, 33, 36, 37, 40, 42, 43, 44, 47, 48, 50, 51, 52, 55, 56 => 28
<11> 3, 26, 31, 32, 33, 36, 37, 41, 42, 43, 44, 46, 47, 48, 52, 56 => 40
<11> 3, 25, 33, 36, 37, 44, 46, 47, 48, 51, 52, 55, 56 => 4
<11> 3, 22, 26, 28, 33, 37, 40, 44, 46, 47, 48 => 43
<11> 3, 20, 31, 32, 33, 35, 36, 37, 44, 47, 48, 51, 52, 55, 56 => 43, 46
<11> 3, 19, 33, 37, 40, 42, 43, 44, 52 => 28, 32, 36
<11> 3, 17, 28, 31, 32, 33, 35, 36, 37, 40, 43, 44, 46, 47, 48, 51, 52, 55, 56 => 4
<11> 3, 15, 33, 37, 39, 40, 44 => 28, 32, 36, 43
<11> 3, 14, 33, 37, 43, 44, 46, 47, 48 => 26
<11> 3, 14, 26, 33, 37, 43, 44, 47, 48 => 46
<11> 3, 5, 26, 27, 32, 33, 36, 37, 40, 44, 45, 46, 47, 48, 52, 56 => 35
<11> 3, 5, 17, 32, 33, 36, 37, 40, 44, 45, 46, 47, 48, 56 => 26
<11> 3, 5, 15, 33, 37, 44, 47, 48, 56 => 46
<11> 3, 4, 31, 32, 33, 36, 37, 41, 42, 43, 44, 46, 47, 48, 51, 52, 55, 56 => 40
<11> 3, 4, 31, 32, 33, 36, 37, 40, 44, 46, 47, 48, 50, 51, 52, 55, 56 => 43
<11> 3, 4, 19, 32, 33, 36, 37, 40, 44, 48, 51, 52, 56 => 43
<11> 2, 24, 26, 37, 43, 44, 46, 47, 48, 52, 56 => 4
<11> 2, 20, 42, 43, 44, 47, 48, 51, 52, 56 => 40
<11> 2, 20, 39, 40, 43, 44, 48 => 28
<11> 2, 14, 28, 37, 43, 44, 48, 52 => 42
<11> 2, 13, 26, 27, 40, 43, 44, 47, 48 => 46
<11> 2, 11, 40, 42, 43, 44, 47, 48 => 56
<11> 2, 5, 28, 40, 41, 42, 43, 44, 47, 48 => 26
<11> 2, 5, 23, 43, 44, 48 => 40
<11> 2, 5, 22, 26, 43, 44, 46, 47, 48 => 40
<11> 2, 5, 21, 43, 44, 46, 47, 48 => 26, 40
<11> 2, 5, 14, 40, 43, 44, 47, 48 => 26
<11> 2, 4, 25, 26, 43, 44, 46, 47, 48, 52, 55, 56 => 51
<11> 2, 4, 23, 26, 43, 44, 46, 47, 48, 51, 52, 55, 56 => 42
<11> 2, 4, 13, 33, 37, 40, 43, 44, 46, 47, 48, 52, 56 => 26
<11> 1, 37, 38, 39, 40, 44 => 28
<11> 1, 33, 36, 37, 41, 42, 43, 44 => 48, 56
<11> 1, 32, 33, 36, 37, 40, 42, 43, 44, 47, 48, 51, 52, 54, 55, 56 => 4
<11> 1, 27, 31, 32, 33, 35, 36, 37, 43, 44, 46, 47, 48, 52, 55, 56 => 51
<11> 1, 26, 27, 32, 33, 36, 37, 40, 44, 46, 47, 48, 52, 55, 56 => 45
<11> 1, 24, 26, 33, 36, 37, 40, 44, 46, 47, 48, 56 => 32
<11> 1, 22, 26, 33, 36, 37, 44, 46, 47, 48 => 40
<11> 1, 22, 26, 27, 33, 37, 44, 46, 47, 48, 56 => 52
<11> 1, 21, 33, 36, 37, 44, 46, 47, 48 => 26, 40, 52, 56
<11> 1, 19, 28, 37, 40, 43, 44, 52, 56 => 51
<11> 1, 10, 28, 33, 37, 42, 43, 44, 48, 51, 52, 56 => 4
<11> 1, 10, 28, 33, 36, 37, 44, 47, 48 => 40
<11> 1, 9, 33, 37, 39, 40, 43, 44, 51, 52, 56 => 32, 36
<11> 1, 9, 33, 37, 39, 40, 42, 43, 44 => 36, 52
<11> 1, 9, 27, 33, 37, 40, 43, 44, 48, 52, 56 => 32, 36
<11> 1, 9, 26, 27, 33, 37, 43, 44, 46, 47, 48, 52, 56 => 45
<11> 1, 9, 26, 27, 32, 33, 36, 37, 44, 46, 47, 48, 52, 56 => 45
<11> 1, 8, 31, 32, 33, 35, 36, 37, 43, 44, 47, 48, 52, 56 => 46
<11> 1, 8, 27, 33, 37, 44, 48 => 43
<11> 1, 5, 23, 26, 44, 46, 47, 48, 56 => 43
<11> 1, 4, 27, 33, 37, 40, 44, 47, 48, 50, 51, 52, 55, 56 => 46, 54
<11> 1, 4, 27, 32, 33, 36, 37, 40, 44, 46, 47, 48, 51, 52, 55, 56 => 54
<11> 1, 4, 9, 33, 37, 40, 43, 44, 47, 48, 50, 51, 52, 55, 56 => 32, 36
<11> 0, 28, 30, 31, 32, 33, 35, 36, 37, 40, 42, 43, 44, 45, 46, 47, 48, 51, 52, 54, 55, 56 => 50
<11> 0, 23, 26, 32, 33, 36, 37, 42, 43, 44, 45, 46, 47, 48, 51, 52, 55, 56 => 31, 35
<11> 0, 22, 26, 33, 37, 39, 40, 44, 46, 47, 48, 52, 56 => 32, 35, 36, 45, 55
<11> 0, 22, 26, 31, 32, 33, 35, 36, 37, 43, 44, 45, 46, 47, 48, 50, 51, 52, 54, 55, 56 => 4
<11> 0, 19, 32, 33, 36, 37, 44, 45, 46, 47, 48, 50, 51, 52, 53, 54, 55, 56 => 31, 35
<11> 0, 19, 32, 33, 36, 37, 42, 43, 44, 46, 47, 48, 50, 51, 52, 54, 55, 56 => 31, 35, 45
<11> 0, 17, 32, 33, 36, 37, 42, 43, 44, 45, 46, 47, 48, 50, 51, 52, 54, 55, 56 => 31, 35
<11> 0, 17, 28, 32, 33, 36, 37, 40, 44, 45, 46, 47, 48, 51, 52, 55, 56 => 50, 54
<11> 0, 8, 32, 33, 36, 37, 42, 43, 44, 46, 47, 48, 52, 55, 56 => 51
<11> 0, 7, 32, 33, 36, 37, 45, 46, 47, 48, 49, 50, 51, 52, 54, 55, 56 => 4
<11> 0, 7, 26, 32, 33, 36, 37, 44, 45, 46, 47, 48, 50, 51, 52, 53, 54, 55, 56 => 4
<11> 0, 7, 26, 32, 33, 36, 37, 39, 40, 45, 46, 47, 48, 50, 51, 52, 54, 55, 56 => 4
<11> 0, 7, 26, 28, 32, 33, 36, 37, 40, 45, 46, 47, 48, 50, 51, 52, 54, 55, 56 => 4
<11> 0, 5, 21, 26, 33, 36, 37, 44, 46, 47, 48, 52, 56 => 43
<11> 0, 5, 17, 32, 33, 36, 37, 44, 45, 46, 47, 48, 51, 52, 55, 56 => 31, 35
<11> 0, 4, 30, 31, 32, 33, 35, 36, 37, 39, 40, 44, 45, 46, 47, 48, 49, 50, 51, 52, 53, 54, 55, 56 => 34
<11> 0, 4, 21, 32, 33, 36, 37, 45, 46, 47, 48, 51, 52, 54, 55, 56 => 50
<11> 0, 4, 20, 32, 33, 35, 36, 37, 43, 44, 46, 47, 48, 50, 51, 52, 54, 55, 56 => 40
<11> 0, 4, 6, 26, 31, 32, 33, 35, 36, 37, 44, 45, 46, 47, 48, 49, 50, 51, 52, 53, 54, 55, 56 => 30, 43
