<33> 31, 32, 33, 36, 37, 41, 42, 43, 44, 47, 48, 52, 56 => 46
<33> 24, 37, 42, 43, 44, 45, 46, 47, 48, 56 => 33
<33> 23, 27, 48 => 26, 44, 46, 47
<33> 8, 32, 33, 36, 37, 47, 48, 50, 51, 52, 55, 56 => 44, 54
<33> 8, 32, 33, 35, 36, 37, 47, 48, 52, 56 => 44
<33> 5, 41, 42, 43, 44, 47, 48, 56 => 46
<33> 5, 37, 41, 42, 43, 44, 48, 56 => 33
<33> 5, 22, 44, 46, 47, 48, 52, 56 => 37
<33> 3, 32, 33, 35, 36, 37, 39, 40, 44, 47, 48, 52, 56 => 31
<33> 3, 26, 27, 33, 36, 37, 44, 46, 47, 48, 52, 56 => 45
<33> 3, 5, 33, 37, 40, 42, 43, 44, 52 => 32, 36
<33> 1, 27, 32, 33, 36, 37, 44, 48 => 52, 56
<33> 1, 5, 37, 39, 40, 44, 47, 48 => 33
<33> 0, 27, 32, 33, 36, 37, 42, 43, 44, 45, 46, 47, 48, 50, 51, 52, 54, 55, 56 => 31, 35
<33> 0, 6, 28, 32, 33, 36, 37, 45, 46, 47, 48, 52, 55, 56 => 35
<33> 0, 5, 32, 33, 36, 37, 46, 47, 48, 50, 51, 52, 54, 55, 56 => 31, 35
<33> 0, 5, 32, 33, 36, 37, 39, 40, 44, 45, 46, 47, 48, 51, 52, 55, 56 => 31, 35
