<21> 41, 42, 43, 44, 48, 50, 51, 52, 55, 56 => 33, 37, 47
<21> 28, 32, 33, 36, 37, 40, 45, 46, 47, 48, 49, 50, 51, 52, 53, 54, 55, 56 => 4
<21> 25, 33, 36, 37, 44, 46, 47, 48, 50, 51, 52, 55, 56 => 54
<21> 23, 41, 42, 43, 44, 48 => 26, 46, 47
<21> 21, 27, 33, 36, 37, 44, 46, 47, 48, 56 => 43
<21> 20, 32, 33, 36, 37, 39, 40, 44, 47, 48, 51, 52, 54, 55, 56 => 35
<21> 20, 27, 37, 42, 43, 44, 48, 52 => 33
<21> 18 => 44, 52
<21> 17, 28, 32, 33, 36, 37, 40, 44, 45, 46, 47, 48, 52, 55, 56 => 51
<21> 11, 40, 42, 43, 44, 47, 48, 51, 52, 56 => 4
<21> 5, 26, 31, 32, 33, 35, 36, 37, 39, 40, 45, 46, 47, 48, 51, 52, 55, 56 => 0
<21> 5, 26, 28, 31, 32, 33, 35, 36, 37, 45, 46, 47, 48, 51, 52, 55, 56 => 0
<21> 5, 21, 27, 44, 46, 47, 48 => 43
<21> 4, 24, 39, 40, 46, 47, 48, 52, 56 => 44
<21> 4, 19, 32, 33, 35, 36, 37, 44, 47, 48, 51, 52, 55, 56 => 46
<21> 4, 19, 31, 32, 33, 36, 37, 44, 47, 48, 51, 52, 55, 56 => 46
<21> 3, 20, 33, 37, 40, 44, 48, 52 => 36
<21> 3, 15, 33, 36, 37, 42, 43, 44, 47, 48, 56 => 32
<21> 2, 43, 44, 45, 46, 47, 48, 56 => 26
<21> 2, 33, 37, 41, 42, 43, 44 => 48
<21> 2, 23, 28, 43, 44, 48 => 40
<21> 2, 13, 37, 40, 43, 44, 47, 48, 51, 52, 56 => 55
<21> 2, 13, 33, 37, 44, 48, 56 => 52
<21> 2, 13, 28, 40, 43, 44, 47, 48, 52, 55, 56 => 4
<21> 1, 39, 40, 42, 43, 44, 48, 56 => 52
<21> 1, 26, 33, 37, 43, 44, 46, 47, 48, 51, 52, 54, 55, 56 => 45
<21> 1, 10, 28, 44, 46, 47, 48 => 26
<21> 1, 9, 33, 37, 42, 43, 44, 56 => 48
<21> 1, 9, 27, 33, 37, 44, 48 => 52, 56
<21> 1, 8, 33, 37, 44, 48, 52, 56 => 36
<21> 1, 5, 28, 42, 43, 44, 47, 48 => 26
<21> 1, 5, 26, 33, 37, 39, 40, 44, 47, 48, 52, 56 => 36
<21> 0, 30, 31, 32, 33, 35, 36, 37, 44, 45, 46, 47, 48, 49, 50, 51, 52, 54, 55, 56 => 53
