<6> 32, 33, 36, 37, 39, 40, 41, 42, 43, 44, 46, 47, 48, 51, 52, 54, 55, 56 => 28, 50
<6> 32, 33, 36, 37, 39, 40, 41, 42, 43, 44, 46, 47, 48, 50, 51, 52, 55, 56 => 28, 54
<6> 29, 33, 37, 42, 43, 44, 45, 46, 47, 48, 52, 55, 56 => 26
<6> 27, 33, 37, 41, 42, 43, 44, 47, 48, 50, 51, 52, 55, 56 => 36, 46, 54
<6> 27, 31, 32, 33, 35, 36, 37, 40, 41, 42, 43, 44, 46, 47, 48, 52, 56 => 26, 45
<6> 26, 32, 33, 36, 37, 38, 39, 40, 45, 46, 47, 48, 50, 51, 52, 54, 55, 56 => 4
<6> 26, 31, 32, 33, 35, 36, 37, 39, 40, 41, 42, 43, 44, 46, 47, 48, 52, 56 => 45
<6> 26, 28, 31, 32, 33, 35, 36, 37, 38, 39, 40, 44, 46, 47, 48, 52, 56 => 45
<6> 26, 27, 32, 33, 36, 37, 41, 42, 43, 44, 45, 46, 47, 48, 51, 52, 54, 55, 56 => 0
<6> 25, 26, 33, 37, 41, 42, 43, 44, 45, 46, 47, 48, 52, 56 => 36
<6> 25, 26, 27, 32, 33, 36, 37, 39, 40, 44, 46, 47, 48, 52, 56 => 31, 35
<6> 24, 32, 33, 36, 37, 41, 42, 43, 44, 46, 47, 48, 51, 52, 54, 55, 56 => 40
<6> 24, 31, 32, 33, 35, 36, 37, 41, 42, 43, 44, 46, 47, 48, 52, 56 => 40
<6> 24, 31, 32, 33, 34, 35, 36, 37, 44, 45, 46, 47, 48, 51, 52, 54, 55, 56 => 0, 26, 40
<6> 24, 26, 31, 32, 33, 35, 36, 37, 40, 42, 43, 44, 45, 46, 47, 48, 51, 52, 54, 55, 56 => 0
<6> 23, 26, 32, 33, 36, 37, 41, 42, 43, 44, 45, 46, 47, 48, 52, 56 => 40
<6> 23, 26, 29, 33, 37, 44, 45, 46, 47, 48, 52, 55, 56 => 50, 51, 54
<6> 22, 32, 33, 36, 37, 40, 44, 45, 46, 47, 48, 50, 51, 52, 53, 54, 55, 56 => 0, 31, 35
<6> 22, 27, 32, 33, 36, 37, 44, 45, 46, 47, 48, 50, 51, 52, 53, 54, 55, 56 => 31, 35, 42, 43, 49
<6> 22, 27, 31, 32, 33, 35, 36, 37, 40, 44, 45, 46, 47, 48, 51, 52, 54, 55, 56 => 0
<6> 22, 27, 31, 32, 33, 35, 36, 37, 40, 43, 44, 45, 46, 47, 48, 51, 52, 55, 56 => 0, 42
<6> 22, 26, 33, 37, 39, 40, 42, 43, 44, 46, 47, 48, 51, 52, 55, 56 => 32, 36
<6> 22, 26, 32, 33, 36, 37, 41, 42, 43, 44, 46, 47, 48, 52, 55, 56 => 4, 51
<6> 22, 26, 27, 33, 37, 41, 42, 43, 44, 46, 47, 48 => 52, 56
<6> 22, 26, 27, 32, 33, 36, 37, 40, 44, 45, 46, 47, 48, 50, 51, 52, 54, 55, 56 => 4
<6> 21, 28, 37, 40, 42, 43, 44, 47, 48, 50, 51, 52, 55, 56 => 4
<6> 21, 27, 32, 33, 36, 37, 42, 43, 44, 45, 46, 47, 48, 50, 51, 52, 54, 55, 56 => 0, 31, 35
<6> 18, 33, 37, 40, 42, 43, 44, 46, 47, 48, 52, 56 => 32, 36
<6> 18, 27, 44, 52 => 37, 43, 56
<6> 18, 21, 32, 33, 36, 37, 40, 44, 45, 46, 47, 48, 50, 51, 52, 54, 55, 56 => 0, 31, 35
<6> 17, 27, 32, 33, 36, 37, 41, 42, 43, 44, 46, 47, 48, 51, 52, 55, 56 => 45
<6> 17, 27, 32, 33, 36, 37, 40, 42, 43, 44, 45, 46, 47, 48, 51, 52, 54, 55, 56 => 0
<6> 17, 27, 31, 32, 33, 35, 36, 37, 42, 43, 44, 45, 46, 47, 48, 50, 51, 52, 54, 55, 56 => 0
<6> 17, 26, 32, 33, 36, 37, 42, 43, 44, 45, 46, 47, 48, 50, 51, 52, 54, 55, 56 => 0, 31, 35
<6> 17, 20, 32, 33, 36, 37, 40, 44, 46, 47, 48, 51, 52, 55, 56 => 28, 31, 35, 45, 54
<6> 17, 20, 31, 32, 33, 35, 36, 37, 44, 45, 46, 47, 48, 51, 52, 54, 55, 56 => 28, 40
<6> 14, 32, 33, 36, 37, 43, 44, 48 => 40
<6> 14, 23, 26, 37, 43, 44, 46, 47, 48 => 33
<6> 14, 21, 37, 43, 44, 47, 48, 56 => 42
<6> 14, 20, 37, 43, 44, 48, 52, 56 => 42
<6> 14, 19, 43, 44, 48, 52 => 56
<6> 11, 41, 42, 43, 44 => 40, 47, 48
<6> 11, 26, 27, 43, 44, 45, 46, 47, 48, 52, 55, 56 => 1
<6> 11, 25, 26, 40, 43, 44, 46, 47, 48 => 52, 56
<6> 11, 24, 26, 28, 40, 43, 44, 46, 47, 48 => 39
<6> 11, 23, 26, 40, 43, 44, 46, 47, 48, 56 => 52
<6> 8, 33, 37, 41, 42, 43, 44 => 5
<6> 8, 32, 33, 36, 37, 38, 39, 40, 44, 46, 47, 48, 52, 55, 56 => 43
<6> 8, 31, 32, 33, 35, 36, 37, 39, 40, 42, 43, 44, 46, 47, 48, 51, 52, 54, 55, 56 => 4, 50
<6> 8, 28, 32, 33, 36, 37, 40, 42, 43, 44, 46, 47, 48, 51, 52, 54, 55, 56 => 4, 50
<6> 8, 27, 32, 33, 36, 37, 40, 42, 43, 44, 45, 46, 47, 48, 51, 52, 54, 55, 56 => 31, 35
<6> 8, 26, 27, 32, 33, 36, 37, 40, 42, 43, 44, 46, 47, 48, 52, 56 => 31, 35
<6> 8, 25, 26, 32, 33, 36, 37, 45, 46, 47, 48, 52, 56 => 51, 55
<6> 8, 24, 26, 32, 33, 36, 37, 46, 47, 48, 52, 55, 56 => 43, 44, 45
<6> 8, 24, 26, 32, 33, 36, 37, 44, 45, 46, 47, 48, 52, 56 => 43, 55
<6> 8, 24, 26, 32, 33, 36, 37, 43, 44, 46, 47, 48, 52, 56 => 45, 55
<6> 8, 21, 26, 32, 33, 36, 37, 39, 40, 44, 46, 47, 48, 52, 56 => 28
<6> 8, 21, 26, 28, 32, 33, 36, 37, 40, 44, 46, 47, 48, 52, 56 => 39
<6> 8, 19, 32, 33, 36, 37, 44, 46, 47, 48, 51, 52, 55, 56 => 43
<6> 8, 19, 32, 33, 36, 37, 43, 44, 47, 48, 51, 52, 55, 56 => 46
<6> 5, 32, 33, 36, 37, 43, 44, 45, 46, 47, 48, 49, 50, 51, 52, 54, 55, 56 => 31, 35
<6> 5, 28, 31, 32, 33, 35, 36, 37, 40, 41, 42, 43, 44, 46, 47, 48, 52, 56 => 3
<6> 5, 27, 32, 33, 36, 37, 40, 41, 42, 43, 44, 46, 47, 48, 56 => 26
<6> 5, 26, 27, 32, 33, 36, 37, 39, 40, 43, 44, 45, 46, 47, 48, 51, 52, 55, 56 => 42
<6> 5, 25, 26, 27, 33, 37, 40, 42, 43, 44, 46, 47, 48, 52, 56 => 31, 32, 35, 36
<6> 5, 25, 26, 27, 31, 32, 33, 35, 36, 37, 40, 43, 44, 46, 47, 48, 52, 56 => 42
<6> 5, 24, 28, 32, 33, 36, 37, 40, 44, 46, 47, 48, 52, 55, 56 => 43
<6> 5, 23, 26, 33, 37, 45, 46, 47, 48, 51, 52, 54, 55, 56 => 0, 31, 32, 35, 36
<6> 5, 23, 26, 33, 37, 40, 44, 45, 46, 47, 48, 51, 52, 55, 56 => 42, 43
<6> 5, 22, 31, 32, 33, 35, 36, 37, 40, 42, 43, 44, 45, 46, 47, 48, 51, 52, 55, 56 => 0
<6> 5, 22, 26, 31, 32, 33, 35, 36, 37, 39, 40, 43, 44, 45, 46, 47, 48, 52, 56 => 42
<6> 5, 18, 39, 40, 44, 48, 52 => 28
<6> 5, 17, 26, 31, 32, 33, 35, 36, 37, 40, 44, 45, 46, 47, 48, 52, 55, 56 => 27
<6> 5, 14, 27, 44, 48, 56 => 2
<6> 5, 11, 33, 37, 43, 44, 52 => 1
<6> 5, 8, 33, 37, 39, 40, 42, 43, 44, 46, 47, 48, 52, 56 => 26
<6> 5, 8, 28, 31, 32, 33, 35, 36, 37, 40, 44, 47, 48, 52, 55, 56 => 39
<6> 5, 8, 27, 32, 33, 36, 37, 43, 44, 46, 47, 48, 52, 56 => 42
<6> 4, 25, 28, 31, 32, 33, 35, 36, 37, 39, 40, 44, 45, 46, 47, 48, 51, 52, 55, 56 => 54
<6> 4, 25, 26, 37, 40, 41, 42, 43, 44, 46, 47, 48, 51, 52, 56 => 28
<6> 4, 24, 31, 32, 33, 35, 36, 37, 42, 43, 44, 45, 46, 47, 48, 51, 52, 55, 56 => 50, 54
<6> 4, 24, 31, 32, 33, 35, 36, 37, 40, 43, 44, 45, 46, 47, 48, 50, 51, 52, 53, 54, 55, 56 => 28
<6> 4, 24, 26, 32, 33, 36, 37, 40, 43, 44, 45, 46, 47, 48, 50, 51, 52, 53, 54, 55, 56 => 0
<6> 4, 23, 26, 32, 33, 36, 37, 40, 43, 44, 45, 46, 47, 48, 50, 51, 52, 53, 54, 55, 56 => 31, 35
<6> 4, 23, 26, 27, 32, 33, 36, 37, 42, 43, 44, 45, 46, 47, 48, 51, 52, 55, 56 => 40
<6> 4, 22, 26, 28, 31, 32, 33, 35, 36, 37, 39, 40, 44, 45, 46, 47, 48, 51, 52, 55, 56 => 50, 54
<6> 4, 22, 26, 27, 31, 32, 33, 35, 36, 37, 44, 45, 46, 47, 48, 51, 52, 55, 56 => 0, 42, 43, 50, 54
<6> 4, 18, 32, 33, 36, 37, 40, 44, 46, 47, 48, 51, 52, 54, 55, 56 => 45
<6> 4, 14, 37, 43, 44, 48, 50, 51, 52, 55, 56 => 42
<6> 4, 11, 27, 33, 37, 40, 43, 44, 47, 48, 51, 52, 55, 56 => 42
<6> 4, 11, 26, 40, 43, 44, 45, 46, 47, 48, 52, 55, 56 => 42, 51
<6> 3, 33, 37, 44, 45, 46, 47, 48, 50, 51, 52, 53, 54, 55, 56 => 32, 36
<6> 3, 32, 33, 36, 37, 40, 41, 42, 43, 44, 47, 48, 50, 51, 52, 55, 56 => 28
<6> 3, 32, 33, 36, 37, 39, 40, 41, 42, 43, 44 => 28
<6> 3, 31, 32, 33, 36, 37, 41, 42, 43, 44, 46, 47, 48, 51, 52, 54, 55, 56 => 28, 40
<6> 3, 28, 32, 33, 36, 37, 40, 41, 42, 43, 44, 46, 47, 48, 51, 52, 54, 55, 56 => 31
<6> 3, 28, 32, 33, 36, 37, 39, 40, 42, 43, 44, 47, 48, 50, 51, 52, 55, 56 => 31, 35
<6> 3, 27, 33, 37, 42, 43, 44, 45, 46, 47, 48, 51, 52, 54, 55, 56 => 50
<6> 3, 25, 28, 31, 32, 33, 35, 36, 37, 39, 40, 44, 47, 48, 52, 56 => 16
<6> 3, 25, 26, 27, 33, 37, 43, 44, 46, 47, 48, 52, 55, 56 => 36, 45
<6> 3, 24, 33, 37, 43, 44, 45, 46, 47, 48, 51, 52, 54, 55, 56 => 4
<6> 3, 24, 26, 27, 33, 37, 43, 44, 45, 46, 47, 48, 52, 55, 56 => 51
<6> 3, 23, 26, 27, 33, 36, 37, 44, 45, 46, 47, 48, 52, 56 => 32, 40
<6> 3, 21, 26, 32, 33, 35, 36, 37, 44, 45, 46, 47, 48, 52, 56 => 40, 43
<6> 3, 20, 32, 33, 36, 37, 40, 43, 44, 46, 47, 48, 51, 52, 54, 55, 56 => 28, 42
<6> 3, 19, 32, 33, 36, 37, 42, 43, 44, 46, 47, 48, 52, 55, 56 => 31
<6> 3, 19, 32, 33, 36, 37, 40, 43, 44, 46, 47, 48, 50, 51, 52, 55, 56 => 4
<6> 3, 18, 33, 37, 44, 47, 48, 52, 56 => 40
<6> 3, 17, 31, 32, 33, 35, 36, 37, 39, 40, 43, 44, 45, 46, 47, 48, 51, 52, 55, 56 => 4
<6> 3, 17, 19, 32, 33, 36, 37, 44, 46, 47, 48, 52, 56 => 43
<6> 3, 16, 31, 32, 33, 35, 36, 37, 40, 44, 45, 46, 47, 48, 51, 52, 54, 55, 56 => 39
<6> 3, 16, 31, 32, 33, 35, 36, 37, 39, 40, 44, 45, 46, 47, 48, 51, 52, 55, 56 => 54
<6> 3, 16, 26, 32, 33, 36, 37, 43, 44, 47, 48, 50, 51, 52, 55, 56 => 42
<6> 3, 16, 25, 32, 33, 36, 37, 39, 40, 44, 47, 48, 52, 56 => 28, 31, 35
<6> 3, 16, 25, 26, 32, 33, 36, 37, 40, 42, 43, 44, 47, 48, 52, 56 => 28, 31, 35
<6> 3, 16, 19, 31, 32, 33, 36, 37, 40, 44, 46, 47, 48, 52, 55, 56 => 51
<6> 3, 16, 19, 31, 32, 33, 35, 36, 37, 40, 44, 46, 47, 48, 52, 56 => 39
<6> 3, 15, 31, 32, 33, 35, 36, 37, 44, 46, 47, 48, 52, 55, 56 => 51
<6> 3, 15, 28, 32, 33, 36, 37, 39, 40, 43, 44, 46, 47, 48 => 26
<6> 3, 15, 27, 33, 37, 44, 46, 47, 48, 50, 51, 52, 55, 56 => 43
<6> 3, 15, 23, 26, 33, 37, 40, 43, 44, 46, 47, 48 => 42
<6> 3, 15, 22, 26, 33, 37, 42, 43, 44, 46, 47, 48, 52, 56 => 55
<6> 3, 15, 21, 33, 37, 44, 47, 48, 52, 55, 56 => 51
<6> 3, 15, 20, 32, 33, 36, 37, 44, 47, 48, 52, 56 => 51, 55
<6> 3, 5, 32, 33, 36, 37, 44, 46, 47, 48, 51, 52, 54, 55, 56 => 50
<6> 3, 5, 32, 33, 36, 37, 43, 44, 47, 48, 50, 51, 52, 55, 56 => 42
<6> 3, 5, 28, 31, 32, 33, 35, 36, 37, 40, 44, 47, 48, 51, 52, 55, 56 => 16
<6> 3, 5, 27, 33, 37, 41, 42, 43, 44, 46, 47, 48, 56 => 32, 36
<6> 3, 5, 25, 26, 28, 33, 37, 40, 43, 44, 46, 47, 48 => 32, 36
<6> 3, 5, 24, 31, 32, 33, 35, 36, 37, 40, 43, 44, 46, 47, 48, 52, 56 => 42
<6> 3, 5, 23, 26, 32, 33, 36, 37, 40, 43, 44, 45, 46, 47, 48, 52, 56 => 31, 35
<6> 3, 5, 21, 26, 32, 33, 36, 37, 44, 46, 47, 48, 52, 56 => 45
<6> 3, 5, 19, 32, 33, 36, 37, 44, 47, 48, 52, 56 => 46
<6> 3, 5, 17, 32, 33, 36, 37, 42, 43, 44, 45, 46, 47, 48, 52, 55, 56 => 27
<6> 3, 5, 15, 32, 33, 36, 37, 43, 44, 46, 47, 48, 56 => 27, 42
<6> 3, 4, 28, 32, 33, 36, 37, 39, 40, 42, 43, 44, 47, 48, 51, 52, 55, 56 => 46
<6> 3, 4, 26, 32, 33, 36, 37, 40, 43, 44, 46, 47, 48, 51, 52, 54, 55, 56 => 31, 35
<6> 3, 4, 26, 29, 33, 36, 37, 44, 45, 46, 47, 48, 50, 51, 52, 54, 55, 56 => 43
<6> 3, 4, 15, 28, 32, 33, 36, 37, 40, 45, 46, 47, 48, 52, 55, 56 => 26
<6> 3, 4, 14, 33, 37, 42, 43, 44, 47, 48, 51, 52, 56 => 27
<6> 2, 36, 37, 40, 44, 47, 48 => 43
<6> 2, 27, 41, 42, 43, 44, 56 => 51, 52
<6> 2, 25, 26, 28, 39, 40, 43, 44, 46, 47, 48 => 52, 56
<6> 2, 25, 26, 28, 39, 40, 42, 43, 44, 47, 48 => 52, 56
<6> 2, 24, 26, 27, 43, 44, 46, 47, 48, 52, 56 => 4, 55
<6> 2, 22, 26, 33, 37, 43, 44, 46, 47, 48, 52, 56 => 4
<6> 2, 19, 37, 42, 43, 44, 47, 48, 51, 52, 55, 56 => 33
<6> 2, 19, 28, 39, 40, 43, 44, 48, 52 => 42
<6> 2, 14, 33, 36, 37, 44, 47, 48, 52, 56 => 4, 51, 55
<6> 2, 14, 27, 40, 43, 44, 48, 52, 56 => 51
<6> 2, 13, 28, 33, 37, 39, 40, 43, 44, 47, 48 => 26, 46
<6> 2, 13, 26, 33, 37, 40, 41, 42, 43, 44, 46, 47, 48 => 28
<6> 2, 13, 22, 26, 37, 40, 43, 44, 46, 47, 48 => 28
<6> 2, 13, 21, 26, 37, 40, 43, 44, 46, 47, 48 => 56
<6> 2, 12, 37, 40, 43, 44, 48, 52, 55, 56 => 4
<6> 2, 12, 33, 37, 43, 44 => 48, 52
<6> 2, 12, 27, 43, 44, 47, 48 => 26
<6> 2, 12, 27, 37, 42, 43, 44, 48 => 5
<6> 2, 12, 25, 26, 40, 42, 43, 44, 47, 48, 56 => 28
<6> 2, 12, 25, 26, 28, 40, 43, 44, 47, 48 => 42, 56
<6> 2, 5, 33, 37, 43, 44, 46, 47, 48, 56 => 42
<6> 2, 5, 33, 37, 42, 43, 44, 47, 48, 56 => 46
<6> 2, 5, 28, 43, 44, 48, 51, 52, 56 => 47
<6> 2, 5, 26, 28, 40, 43, 44, 47, 48, 52, 56 => 39, 42
<6> 2, 5, 20, 37, 40, 43, 44, 48, 52 => 42
<6> 2, 5, 13, 40, 43, 44, 46, 47, 48, 56 => 37
<6> 2, 5, 13, 33, 37, 40, 43, 44, 46, 47, 48 => 42
<6> 2, 5, 13, 28, 33, 37, 40, 43, 44 => 42
<6> 2, 5, 12, 27, 43, 44, 48 => 37, 42
<6> 2, 5, 11, 26, 28, 40, 44, 46, 47, 48 => 39
<6> 2, 4, 26, 28, 37, 39, 40, 42, 43, 44, 46, 47, 48, 52, 55, 56 => 13
<6> 2, 4, 12, 26, 28, 40, 43, 44, 45, 46, 47, 48, 51, 52, 55, 56 => 42
<6> 1, 33, 37, 44, 46, 47, 48, 49, 50, 51, 52, 54, 55, 56 => 32, 36
<6> 1, 33, 36, 37, 41, 42, 43, 44, 48, 51, 52, 56 => 32
<6> 1, 27, 39, 40, 44, 47, 48 => 42, 43, 46, 52, 56
<6> 1, 27, 33, 37, 41, 42, 43, 44, 48, 56 => 47, 52
<6> 1, 27, 33, 37, 41, 42, 43, 44, 47, 48 => 52, 56
<6> 1, 25, 44, 45, 46, 47, 48, 52, 56 => 33, 37, 43, 51, 55
<6> 1, 25, 26, 27, 33, 37, 43, 44, 46, 47, 48 => 52, 56
<6> 1, 24, 26, 27, 44, 46, 47, 48, 52, 56 => 55
<6> 1, 24, 26, 27, 37, 44, 46, 47, 48, 56 => 33
<6> 1, 23, 26, 27, 40, 43, 44, 46, 47, 48, 56 => 42
<6> 1, 21, 26, 33, 36, 37, 40, 44, 46, 47, 48, 52, 55, 56 => 43, 51
<6> 1, 21, 26, 28, 33, 36, 37, 40, 44, 46, 47, 48, 52, 56 => 32
<6> 1, 20, 27, 33, 37, 40, 43, 44, 48, 52, 56 => 42
<6> 1, 19, 37, 39, 40, 43, 44, 52, 56 => 33, 51
<6> 1, 19, 33, 37, 44, 47, 48, 50, 51, 52, 54, 55, 56 => 32, 36, 46
<6> 1, 19, 32, 33, 36, 37, 43, 44, 46, 47, 48, 51, 52, 55, 56 => 42
<6> 1, 19, 28, 37, 40, 42, 43, 44, 48, 51, 52, 56 => 4
<6> 1, 10, 27, 33, 37, 40, 44, 46, 47, 48, 52, 55, 56 => 51
<6> 1, 10, 27, 32, 33, 36, 37, 44, 47, 48, 52, 56 => 46
<6> 1, 10, 21, 37, 42, 43, 44, 48, 52, 56 => 51
<6> 1, 9, 26, 32, 33, 36, 37, 40, 42, 43, 44, 46, 47, 48, 52, 55, 56 => 45
<6> 1, 9, 24, 26, 33, 37, 40, 43, 44, 46, 47, 48, 56 => 32, 36
<6> 1, 9, 24, 26, 28, 33, 37, 40, 44, 46, 47, 48, 56 => 32, 36
<6> 1, 9, 23, 26, 33, 37, 43, 44, 46, 47, 48, 52, 55, 56 => 45
<6> 1, 9, 19, 33, 37, 44, 47, 48, 51, 52, 56 => 32, 36
<6> 1, 9, 19, 32, 33, 36, 37, 44, 48, 51, 52, 56 => 47
<6> 1, 8, 32, 33, 36, 37, 40, 42, 43, 44, 46, 47, 48, 52, 56 => 31, 35
<6> 1, 8, 32, 33, 36, 37, 39, 40, 43, 44, 46, 47, 48, 52, 55, 56 => 31, 35
<6> 1, 8, 26, 28, 32, 33, 36, 37, 40, 43, 44, 46, 47, 48, 52, 56 => 45
<6> 1, 5, 24, 26, 32, 33, 36, 37, 44, 46, 47, 48, 56 => 40
<6> 1, 5, 21, 28, 37, 44, 48 => 40
<6> 1, 5, 21, 26, 33, 36, 37, 40, 44, 46, 47, 48, 52, 56 => 32
<6> 1, 5, 20, 37, 39, 40, 43, 44, 52 => 28
<6> 1, 5, 9, 32, 33, 36, 37, 44, 47, 48, 52, 55, 56 => 46
<6> 1, 4, 21, 37, 44, 47, 48, 50, 51, 52, 55, 56 => 40
<6> 1, 4, 11, 27, 40, 43, 44, 47, 48, 51, 52, 55, 56 => 42
<6> 1, 4, 10, 26, 32, 33, 36, 37, 40, 43, 44, 46, 47, 48, 51, 52, 55, 56 => 28
<6> 0, 30, 31, 32, 33, 35, 36, 37, 41, 42, 43, 44, 45, 46, 47, 48, 51, 52, 54, 55, 56 => 50
<6> 0, 27, 30, 31, 32, 33, 34, 35, 36, 37, 43, 44, 45, 46, 47, 48, 49, 50, 51, 52, 53, 54, 55, 56 => 6
<6> 0, 25, 26, 30, 31, 32, 33, 34, 35, 36, 37, 44, 45, 46, 47, 48, 50, 51, 52, 54, 55, 56 => 4, 53
<6> 0, 25, 26, 30, 31, 32, 33, 34, 35, 36, 37, 43, 44, 45, 46, 47, 48, 51, 52, 54, 55, 56 => 42
<6> 0, 24, 26, 30, 31, 32, 33, 35, 36, 37, 40, 44, 45, 46, 47, 48, 51, 52, 54, 55, 56 => 28, 43
<6> 0, 22, 30, 31, 32, 33, 35, 36, 37, 44, 45, 46, 47, 48, 51, 52, 54, 55, 56 => 26, 50
<6> 0, 21, 31, 32, 33, 34, 35, 36, 37, 40, 43, 44, 45, 46, 47, 48, 50, 51, 52, 54, 55, 56 => 30
<6> 0, 21, 30, 31, 32, 33, 35, 36, 37, 40, 43, 44, 45, 46, 47, 48, 50, 51, 52, 54, 55, 56 => 34
<6> 0, 20, 31, 32, 33, 35, 36, 37, 39, 40, 44, 45, 46, 47, 48, 50, 51, 52, 53, 54, 55, 56 => 28
<6> 0, 20, 31, 32, 33, 35, 36, 37, 39, 40, 42, 43, 44, 46, 47, 48, 51, 52, 54, 55, 56 => 28
<6> 0, 20, 30, 31, 32, 33, 35, 36, 37, 44, 45, 46, 47, 48, 51, 52, 54, 55, 56 => 50
<6> 0, 19, 31, 32, 33, 34, 35, 36, 37, 44, 45, 46, 47, 48, 50, 51, 52, 54, 55, 56 => 43
<6> 0, 19, 28, 31, 32, 33, 35, 36, 37, 40, 43, 44, 45, 46, 47, 48, 50, 51, 52, 54, 55, 56 => 42
<6> 0, 17, 27, 32, 33, 36, 37, 40, 43, 44, 45, 46, 47, 48, 51, 52, 54, 55, 56 => 42
<6> 0, 17, 27, 31, 32, 33, 35, 36, 37, 43, 44, 45, 46, 47, 48, 50, 51, 52, 54, 55, 56 => 42
<6> 0, 8, 24, 26, 33, 36, 37, 46, 47, 48, 52, 56 => 40
<6> 0, 7, 32, 33, 36, 37, 41, 42, 43, 44, 45, 46, 47, 48, 51, 52, 55, 56 => 26, 31, 35
<6> 0, 7, 31, 32, 33, 34, 35, 36, 37, 39, 40, 44, 45, 46, 47, 48, 50, 51, 52, 54, 55, 56 => 53
<6> 0, 7, 30, 31, 32, 33, 35, 36, 37, 40, 44, 45, 46, 47, 48, 50, 51, 52, 53, 54, 55, 56 => 34
<6> 0, 7, 28, 31, 32, 33, 34, 35, 36, 37, 40, 44, 45, 46, 47, 48, 51, 52, 54, 55, 56 => 39
<6> 0, 7, 26, 31, 32, 33, 34, 35, 36, 37, 40, 44, 45, 46, 47, 48, 50, 51, 52, 54, 55, 56 => 4, 53
<6> 0, 7, 21, 31, 32, 33, 35, 36, 37, 43, 44, 45, 46, 47, 48, 51, 52, 55, 56 => 40
<6> 0, 7, 19, 32, 33, 36, 37, 44, 47, 48, 51, 52, 55, 56 => 31, 35, 43
<6> 0, 6, 25, 26, 31, 32, 33, 35, 36, 37, 40, 44, 45, 46, 47, 48, 51, 52, 55, 56 => 39
<6> 0, 6, 22, 26, 31, 32, 33, 35, 36, 37, 43, 44, 45, 46, 47, 48, 51, 52, 55, 56 => 42
<6> 0, 6, 21, 26, 31, 32, 33, 35, 36, 37, 44, 45, 46, 47, 48, 51, 52, 55, 56 => 43
<6> 0, 6, 20, 31, 32, 33, 35, 36, 37, 39, 40, 44, 45, 46, 47, 48, 51, 52, 54, 55, 56 => 28
<6> 0, 5, 25, 26, 32, 33, 36, 37, 44, 45, 46, 47, 48, 51, 52, 54, 55, 56 => 40
<6> 0, 5, 24, 26, 33, 36, 37, 39, 40, 46, 47, 48, 52, 56 => 28
<6> 0, 5, 6, 27, 32, 33, 36, 37, 40, 44, 45, 46, 47, 48, 51, 52, 55, 56 => 26
<6> 0, 4, 26, 31, 32, 33, 35, 36, 37, 39, 40, 43, 44, 45, 46, 47, 48, 49, 50, 51, 52, 53, 54, 55, 56 => 30, 34
<6> 0, 4, 20, 31, 32, 33, 35, 36, 37, 40, 42, 43, 44, 46, 47, 48, 50, 51, 52, 54, 55, 56 => 28
<6> 0, 4, 7, 32, 33, 36, 37, 39, 40, 45, 46, 47, 48, 49, 50, 51, 52, 54, 55, 56 => 28
<6> 0, 4, 7, 31, 32, 33, 34, 35, 36, 37, 40, 44, 45, 46, 47, 48, 50, 51, 52, 53, 54, 55, 56 => 26
<6> 0, 4, 7, 30, 31, 32, 33, 35, 36, 37, 44, 45, 46, 47, 48, 50, 51, 52, 53, 54, 55, 56 => 26, 43
<6> 0, 4, 7, 28, 32, 33, 36, 37, 40, 45, 46, 47, 48, 49, 50, 51, 52, 54, 55, 56 => 39
