<45> 37, 41, 42, 43, 44, 45, 46, 47, 48, 56 => 33
<45> 23, 26, 33, 37, 46, 47, 48, 51, 52, 55, 56 => 45
<45> 23, 26, 33, 36, 37, 46, 47, 48, 52, 55, 56 => 45
<45> 23, 26, 28, 46, 47, 48, 56 => 52
<45> 22, 33, 36, 37, 40, 44, 46, 47, 48, 56 => 32
<45> 21, 33, 36, 37, 45, 46, 47, 48, 56 => 32
<45> 20, 28, 33, 36, 37, 44, 48, 52 => 40
<45> 19, 46, 47, 48, 51, 52, 56 => 55
<45> 8, 33, 37, 48, 52, 55, 56 => 32, 36, 47
<45> 3, 33, 36, 37, 39, 40, 44, 47, 48 => 32
<45> 1, 5, 39, 40, 44 => 37
<45> 0, 32, 33, 36, 37, 46, 47, 48, 49, 50, 51, 52, 54, 55, 56 => 45
