<3> 32, 33, 36, 37, 38, 39, 40, 45, 46, 47, 48, 50, 51, 52, 53, 54, 55, 56 => 0, 4
<3> 29, 33, 37, 41, 42, 43, 44, 46, 47, 48, 52, 55, 56 => 26, 45
<3> 29, 31, 32, 33, 35, 36, 37, 44, 45, 46, 47, 48, 49, 50, 51, 52, 53, 54, 55, 56 => 34
<3> 29, 31, 32, 33, 34, 35, 36, 37, 44, 45, 46, 47, 48, 50, 51, 52, 53, 54, 55, 56 => 49
<3> 26, 29, 31, 32, 33, 35, 36, 37, 44, 45, 46, 47, 48, 50, 51, 52, 54, 55, 56 => 53
<3> 25, 37, 38, 39, 40, 47, 48 => 1, 26, 28, 33, 43, 44
<3> 25, 26, 37, 39, 40, 41, 42, 43, 44, 46, 47, 48, 52, 56 => 51
<3> 25, 26, 33, 36, 37, 41, 42, 43, 44, 46, 47, 48, 51, 52, 54, 55, 56 => 4, 50
<3> 25, 26, 27, 33, 37, 41, 42, 43, 44, 46, 47, 48, 52, 56 => 36, 45, 51, 55
<3> 24, 29, 33, 37, 44, 46, 47, 48, 52, 55, 56 => 4, 26, 43, 45, 50, 51, 54
<3> 24, 26, 37, 38, 39, 40, 43, 44, 46, 47, 48, 52, 55, 56 => 4
<3> 24, 26, 27, 39, 40, 43, 44, 45, 46, 47, 48, 52, 55, 56 => 4, 51
<3> 24, 26, 27, 32, 33, 36, 37, 40, 44, 45, 46, 47, 48, 50, 51, 52, 54, 55, 56 => 0, 31, 35
<3> 24, 26, 27, 32, 33, 36, 37, 40, 42, 43, 44, 45, 46, 47, 48, 51, 52, 54, 55, 56 => 0
<3> 24, 26, 27, 32, 33, 36, 37, 40, 41, 42, 43, 44, 45, 46, 47, 48, 51, 52, 55, 56 => 0
<3> 24, 26, 27, 32, 33, 36, 37, 39, 40, 43, 44, 45, 46, 47, 48, 52, 56 => 31, 35
<3> 23, 26, 29, 32, 33, 36, 37, 44, 45, 46, 47, 48, 50, 51, 52, 53, 54, 55, 56 => 49
<3> 23, 26, 27, 32, 33, 36, 37, 39, 40, 43, 44, 45, 46, 47, 48, 51, 52, 55, 56 => 42
<3> 22, 26, 29, 33, 37, 43, 44, 45, 46, 47, 48, 52, 55, 56 => 3
<3> 22, 26, 29, 32, 33, 36, 37, 44, 45, 46, 47, 48, 50, 51, 52, 54, 55, 56 => 4
<3> 22, 26, 28, 33, 37, 40, 41, 42, 43, 44, 46, 47, 48, 52, 56 => 32, 36
<3> 22, 26, 28, 33, 37, 38, 39, 40, 44, 46, 47, 48, 52, 56 => 31, 32, 35, 36, 43, 45, 55
<3> 22, 26, 28, 33, 37, 38, 39, 40, 43, 44, 46, 47, 48 => 31, 32, 35, 36, 45, 52, 55, 56
<3> 22, 26, 28, 32, 33, 36, 37, 38, 39, 40, 44, 46, 47, 48 => 31, 35, 43, 45, 52, 55, 56
<3> 21, 28, 32, 33, 36, 37, 38, 39, 40, 46, 47, 48, 52, 55, 56 => 45, 50, 51, 54
<3> 21, 28, 32, 33, 36, 37, 38, 39, 40, 45, 46, 47, 48, 52, 56 => 50, 51, 54, 55
<3> 21, 27, 32, 33, 36, 37, 39, 40, 43, 44, 46, 47, 48, 52, 56 => 42, 45
<3> 20, 33, 37, 39, 40, 41, 42, 43, 44, 48, 52 => 28
<3> 20, 27, 32, 33, 36, 37, 44, 45, 46, 47, 48, 50, 51, 52, 53, 54, 55, 56 => 4, 31, 35, 49
<3> 19, 39, 40, 41, 42, 43, 44, 52 => 28, 37
<3> 19, 29, 33, 37, 44, 45, 46, 47, 48, 50, 51, 52, 54, 55, 56 => 32, 36
<3> 19, 28, 32, 33, 36, 37, 38, 39, 40, 47, 48, 51, 52, 55, 56 => 0
<3> 19, 27, 33, 37, 41, 42, 43, 44, 48, 52, 56 => 3, 47
<3> 19, 27, 32, 33, 36, 37, 41, 42, 43, 44, 52 => 5
<3> 19, 27, 31, 32, 33, 35, 36, 37, 40, 42, 43, 44, 46, 47, 48, 50, 51, 52, 54, 55, 56 => 49
<3> 19, 27, 31, 32, 33, 35, 36, 37, 39, 40, 43, 44, 45, 46, 47, 48, 50, 51, 52, 54, 55, 56 => 4
<3> 18, 41, 42, 43, 44, 52 => 37, 40, 51, 56
<3> 18, 31, 32, 33, 35, 36, 37, 40, 42, 43, 44, 45, 46, 47, 48, 50, 51, 52, 54, 55, 56 => 49, 53
<3> 18, 27, 32, 33, 36, 37, 40, 43, 44, 46, 47, 48, 50, 51, 52, 54, 55, 56 => 0, 31, 35, 45, 49, 53
<3> 17, 31, 32, 33, 34, 35, 36, 37, 44, 45, 46, 47, 48, 51, 52, 54, 55, 56 => 0, 5, 26, 50
<3> 17, 29, 32, 33, 36, 37, 44, 45, 46, 47, 48, 50, 51, 52, 54, 55, 56 => 26
<3> 17, 25, 26, 31, 32, 33, 35, 36, 37, 40, 44, 45, 46, 47, 48, 51, 52, 54, 55, 56 => 0, 43, 50
<3> 17, 24, 26, 32, 33, 36, 37, 40, 43, 44, 45, 46, 47, 48, 51, 52, 54, 55, 56 => 4
<3> 17, 23, 26, 32, 33, 36, 37, 42, 43, 44, 45, 46, 47, 48, 52, 56 => 3, 31, 35, 40
<3> 17, 23, 26, 27, 32, 33, 36, 37, 44, 45, 46, 47, 48, 52, 56 => 43
<3> 17, 22, 32, 33, 36, 37, 43, 44, 45, 46, 47, 48, 51, 52, 54, 55, 56 => 50
<3> 17, 22, 26, 28, 32, 33, 36, 37, 40, 43, 44, 45, 46, 47, 48, 56 => 3
<3> 17, 21, 31, 32, 33, 35, 36, 37, 43, 44, 45, 46, 47, 48, 50, 51, 52, 54, 55, 56 => 0
<3> 17, 21, 28, 31, 32, 33, 35, 36, 37, 40, 43, 44, 45, 46, 47, 48, 51, 52, 54, 55, 56 => 4
<3> 17, 21, 26, 28, 32, 33, 36, 37, 40, 42, 43, 44, 45, 46, 47, 48, 56 => 3
<3> 17, 20, 32, 33, 36, 37, 41, 42, 43, 44, 46, 47, 48, 51, 52, 55, 56 => 3, 31, 35, 45
<3> 17, 20, 28, 31, 32, 33, 35, 36, 37, 39, 40, 44, 45, 46, 47, 48, 51, 52, 54, 55, 56 => 50
<3> 17, 20, 27, 32, 33, 36, 37, 44, 46, 47, 48, 51, 52, 55, 56 => 3, 5, 42, 43
<3> 17, 19, 31, 32, 33, 35, 36, 37, 39, 40, 43, 44, 45, 46, 47, 48, 50, 51, 52, 54, 55, 56 => 4
<3> 17, 19, 28, 31, 32, 33, 35, 36, 37, 40, 44, 45, 46, 47, 48, 50, 51, 52, 54, 55, 56 => 39
<3> 17, 19, 27, 32, 33, 36, 37, 43, 44, 46, 47, 48, 52, 55, 56 => 31, 35
<3> 17, 19, 27, 32, 33, 36, 37, 42, 43, 44, 46, 47, 48, 52, 56 => 5
<3> 14, 29, 33, 37, 44, 46, 47, 48, 52, 55, 56 => 2, 4, 26, 45, 50, 51, 54
<3> 14, 28, 33, 36, 37, 40, 43, 44, 48, 52 => 20, 32
<3> 14, 26, 33, 37, 40, 43, 44, 45, 46, 47, 48, 56 => 4, 52, 55
<3> 14, 24, 26, 33, 37, 40, 43, 44, 46, 47, 48, 56 => 4, 52, 55
<3> 14, 24, 26, 27, 33, 37, 43, 44, 46, 47, 48, 56 => 2, 45
<3> 14, 23, 26, 28, 40, 42, 43, 44, 46, 47, 48 => 2
<3> 14, 22, 26, 27, 33, 37, 44, 46, 47, 48 => 45, 51, 52, 55, 56
<3> 14, 21, 26, 33, 37, 40, 42, 43, 44, 46, 47, 48, 56 => 2
<3> 14, 20, 33, 36, 37, 43, 44, 48, 52 => 28, 32, 40
<3> 11, 33, 37, 40, 41, 42, 43, 44, 47, 48, 52, 56 => 4, 51
<3> 11, 26, 28, 40, 41, 42, 43, 44, 46, 47, 48 => 5
<3> 11, 25, 26, 28, 37, 40, 42, 43, 44, 47, 48 => 1, 33
<3> 11, 24, 26, 37, 40, 43, 44, 46, 47, 48, 52, 56 => 4
<3> 11, 24, 26, 28, 39, 40, 42, 43, 44, 46, 47, 48, 56 => 2
<3> 11, 24, 26, 27, 40, 43, 44, 46, 47, 48 => 4, 51, 52, 55, 56
<3> 11, 22, 26, 28, 37, 40, 43, 44, 46, 47, 48, 56 => 1
<3> 11, 22, 26, 27, 43, 44, 46, 47, 48 => 33, 37, 42
<3> 11, 21, 26, 28, 33, 37, 40, 43, 44, 46, 47, 48 => 1
<3> 11, 19, 28, 33, 37, 40, 42, 43, 44, 48, 52 => 4, 47, 51, 56
<3> 8, 24, 26, 33, 36, 37, 42, 43, 44, 46, 47, 48, 52, 56 => 28
<3> 8, 23, 26, 32, 33, 36, 37, 42, 43, 44, 46, 47, 48, 52, 56 => 27
<3> 8, 22, 26, 31, 32, 33, 35, 36, 37, 40, 42, 43, 44, 45, 46, 47, 48, 51, 52, 55, 56 => 0
<3> 8, 19, 32, 33, 36, 37, 42, 43, 44, 48, 51, 52, 56 => 46, 47, 55
<3> 8, 19, 32, 33, 36, 37, 40, 44, 47, 48, 50, 51, 52, 54, 55, 56 => 4, 28
<3> 8, 19, 32, 33, 36, 37, 39, 40, 44, 47, 48, 51, 52, 55, 56 => 28
<3> 8, 19, 31, 32, 33, 35, 36, 37, 43, 44, 46, 47, 48, 51, 52, 55, 56 => 28, 40
<3> 8, 19, 28, 32, 33, 36, 37, 40, 43, 44, 46, 47, 48, 51, 52, 55, 56 => 31, 35
<3> 8, 19, 27, 32, 33, 36, 37, 42, 43, 44, 52 => 5
<3> 8, 19, 27, 32, 33, 36, 37, 40, 43, 44, 52 => 5
<3> 5, 31, 32, 33, 35, 36, 37, 40, 44, 45, 46, 47, 48, 49, 50, 51, 52, 54, 55, 56 => 0, 17, 42, 43
<3> 5, 29, 32, 33, 36, 37, 44, 45, 46, 47, 48, 50, 51, 52, 53, 54, 55, 56 => 49
<3> 5, 28, 31, 32, 33, 35, 36, 37, 38, 39, 40, 44, 46, 47, 48, 51, 52, 55, 56 => 0
<3> 5, 25, 26, 33, 37, 41, 42, 43, 44, 46, 47, 48, 52, 56 => 32, 36, 45
<3> 5, 25, 26, 28, 37, 40, 41, 42, 43, 44, 47, 48 => 33
<3> 5, 24, 26, 27, 33, 37, 41, 42, 43, 44, 46, 47, 48 => 40
<3> 5, 23, 26, 32, 33, 36, 37, 40, 41, 42, 43, 44, 46, 47, 48 => 28
<3> 5, 22, 31, 32, 33, 35, 36, 37, 40, 44, 45, 46, 47, 48, 51, 52, 54, 55, 56 => 0
<3> 5, 22, 26, 33, 36, 37, 41, 42, 43, 44, 46, 47, 48 => 40
<3> 5, 22, 26, 27, 41, 42, 43, 44, 46, 47, 48 => 40
<3> 5, 21, 26, 28, 32, 33, 36, 37, 40, 41, 42, 43, 44, 46, 47, 48 => 3
<3> 5, 20, 27, 31, 32, 33, 35, 36, 37, 43, 44, 45, 46, 47, 48, 50, 51, 52, 54, 55, 56 => 0
<3> 5, 19, 31, 32, 33, 35, 36, 37, 44, 45, 46, 47, 48, 50, 51, 52, 53, 54, 55, 56 => 0
<3> 5, 19, 27, 33, 37, 41, 42, 43, 44, 52 => 32, 36
<3> 5, 17, 32, 33, 36, 37, 41, 42, 43, 44, 45, 46, 47, 48, 52, 55, 56 => 27
<3> 5, 17, 28, 31, 32, 33, 35, 36, 37, 40, 44, 45, 46, 47, 48, 51, 52, 55, 56 => 0, 39, 50, 54
<3> 5, 17, 27, 31, 32, 33, 35, 36, 37, 39, 40, 44, 45, 46, 47, 48, 52, 56 => 26
<3> 5, 17, 26, 32, 33, 36, 37, 41, 42, 43, 44, 45, 46, 47, 48, 56 => 21
<3> 5, 17, 25, 26, 31, 32, 33, 35, 36, 37, 40, 43, 44, 45, 46, 47, 48, 52, 56 => 42
<3> 5, 17, 24, 26, 32, 33, 36, 37, 40, 44, 45, 46, 47, 48, 52, 56 => 31, 35
<3> 5, 17, 23, 26, 32, 33, 36, 37, 40, 44, 45, 46, 47, 48, 52, 56 => 3
<3> 5, 17, 22, 26, 32, 33, 36, 37, 40, 43, 44, 45, 46, 47, 48, 56 => 3
<3> 5, 14, 37, 40, 43, 44, 48, 56 => 47
<3> 5, 14, 33, 37, 42, 43, 44, 48, 52 => 20
<3> 5, 14, 28, 37, 43, 44, 48, 56 => 47
<3> 5, 14, 28, 33, 37, 39, 40, 43, 44, 48, 52 => 20
<3> 5, 14, 28, 32, 33, 36, 37, 40, 43, 44, 48 => 3, 39
<3> 5, 14, 25, 26, 28, 37, 40, 42, 43, 44, 47, 48 => 2
<3> 5, 14, 23, 26, 43, 44, 46, 47, 48 => 28, 40
<3> 5, 14, 22, 26, 37, 43, 44, 46, 47, 48 => 28, 40
<3> 5, 14, 21, 26, 33, 37, 43, 44, 46, 47, 48 => 40
<3> 5, 14, 19, 43, 44, 52 => 2
<3> 5, 14, 19, 33, 37, 40, 43, 44 => 28
<3> 5, 11, 43, 44, 47, 48, 52, 55, 56 => 1, 26, 27, 33, 37, 45, 46
<3> 5, 11, 40, 41, 42, 43, 44, 47, 48 => 26, 28, 46
<3> 5, 11, 26, 37, 43, 44, 46, 47, 48, 52, 56 => 1, 27, 33, 45, 55
<3> 5, 11, 25, 26, 37, 40, 43, 44, 47, 48 => 1, 33
<3> 5, 11, 25, 26, 28, 40, 43, 44, 47, 48 => 42
<3> 5, 11, 23, 26, 28, 37, 40, 44, 46, 47, 48 => 33
<3> 5, 11, 22, 26, 33, 37, 43, 44, 46, 47, 48 => 1, 42
<3> 5, 8, 32, 33, 36, 37, 41, 42, 43, 44, 52 => 27
<3> 5, 8, 26, 32, 33, 36, 37, 40, 42, 43, 44, 45, 46, 47, 48, 52, 55, 56 => 31, 35
<3> 5, 8, 26, 28, 32, 33, 36, 37, 40, 42, 43, 44, 46, 47, 48, 52, 56 => 39
<3> 5, 8, 23, 26, 33, 37, 40, 44, 46, 47, 48, 52, 56 => 28, 39
<3> 5, 8, 21, 26, 28, 33, 36, 37, 40, 43, 44, 46, 47, 48, 52, 56 => 0
<3> 5, 8, 19, 32, 33, 36, 37, 42, 43, 44, 52 => 27
<3> 4, 29, 31, 32, 33, 35, 36, 37, 44, 45, 46, 47, 48, 50, 51, 52, 54, 55, 56 => 53
<3> 4, 26, 29, 33, 36, 37, 42, 43, 44, 45, 46, 47, 48, 50, 51, 52, 54, 55, 56 => 3, 16, 32
<3> 4, 25, 26, 31, 32, 33, 35, 36, 37, 40, 44, 45, 46, 47, 48, 49, 50, 51, 52, 53, 54, 55, 56 => 0
<3> 4, 24, 32, 33, 36, 37, 42, 43, 44, 45, 46, 47, 48, 50, 51, 52, 53, 54, 55, 56 => 28, 31, 35, 40
<3> 4, 24, 26, 37, 38, 39, 40, 43, 44, 46, 47, 48, 52, 56 => 55
<3> 4, 21, 26, 31, 32, 33, 35, 36, 37, 40, 41, 42, 43, 44, 45, 46, 47, 48, 51, 52, 55, 56 => 28
<3> 4, 20, 28, 31, 32, 33, 35, 36, 37, 40, 41, 42, 43, 44, 46, 47, 48, 51, 52, 54, 55, 56 => 45
<3> 4, 20, 27, 32, 33, 36, 37, 42, 43, 44, 46, 47, 48, 50, 51, 52, 54, 55, 56 => 1
<3> 4, 19, 27, 31, 32, 33, 35, 36, 37, 40, 43, 44, 45, 46, 47, 48, 50, 51, 52, 54, 55, 56 => 39
<3> 4, 17, 31, 32, 33, 35, 36, 37, 39, 40, 42, 43, 44, 45, 46, 47, 48, 50, 51, 52, 54, 55, 56 => 28
<3> 4, 17, 26, 31, 32, 33, 35, 36, 37, 39, 40, 43, 44, 45, 46, 47, 48, 51, 52, 54, 55, 56 => 28
<3> 4, 17, 24, 26, 31, 32, 33, 35, 36, 37, 40, 43, 44, 45, 46, 47, 48, 51, 52, 55, 56 => 28, 39
<3> 4, 17, 21, 31, 32, 33, 35, 36, 37, 40, 43, 44, 45, 46, 47, 48, 51, 52, 54, 55, 56 => 28
<3> 4, 17, 21, 26, 32, 33, 36, 37, 42, 43, 44, 45, 46, 47, 48, 51, 52, 55, 56 => 3
<3> 4, 17, 19, 31, 32, 33, 35, 36, 37, 40, 43, 44, 45, 46, 47, 48, 50, 51, 52, 54, 55, 56 => 39
<3> 4, 14, 22, 26, 33, 37, 43, 44, 46, 47, 48, 51, 52, 55, 56 => 42
<3> 4, 11, 40, 41, 42, 43, 44, 47, 48, 52, 56 => 33, 37, 51
<3> 4, 11, 24, 26, 40, 43, 44, 46, 47, 48, 51, 52, 55, 56 => 27
<3> 4, 11, 23, 26, 40, 43, 44, 46, 47, 48, 51, 52, 55, 56 => 42, 45
<3> 4, 11, 20, 33, 37, 40, 42, 43, 44, 47, 48, 51, 52, 55, 56 => 1
<3> 4, 8, 32, 33, 36, 37, 43, 44, 45, 46, 47, 48, 49, 50, 51, 52, 53, 54, 55, 56 => 40
<3> 4, 8, 31, 32, 33, 35, 36, 37, 44, 45, 46, 47, 48, 49, 50, 51, 52, 53, 54, 55, 56 => 27
<3> 4, 8, 27, 32, 33, 36, 37, 44, 45, 46, 47, 48, 50, 51, 52, 53, 54, 55, 56 => 31, 35, 49
<3> 4, 8, 20, 32, 33, 35, 36, 37, 39, 40, 44, 46, 47, 48, 50, 51, 52, 54, 55, 56 => 43
<3> 4, 8, 19, 32, 33, 36, 37, 43, 44, 46, 47, 48, 50, 51, 52, 54, 55, 56 => 35
<3> 3, 31, 32, 33, 35, 36, 37, 44, 45, 46, 47, 48, 50, 51, 52, 53, 54, 55, 56 => 49
<3> 3, 27, 31, 32, 33, 35, 36, 37, 41, 42, 43, 44, 46, 47, 48, 52, 55, 56 => 17
<3> 3, 27, 31, 32, 33, 35, 36, 37, 39, 40, 43, 44, 45, 46, 47, 48, 51, 52, 55, 56 => 4
<3> 3, 26, 32, 33, 36, 37, 40, 44, 47, 48, 50, 51, 52, 55, 56 => 16
<3> 3, 26, 28, 32, 33, 36, 37, 39, 40, 41, 42, 43, 44, 46, 47, 48 => 5
<3> 3, 26, 28, 31, 32, 33, 35, 36, 37, 39, 40, 42, 43, 44, 47, 48, 52, 55, 56 => 16
<3> 3, 26, 27, 31, 32, 33, 35, 36, 37, 40, 42, 43, 44, 45, 46, 47, 48, 52, 55, 56 => 17
<3> 3, 25, 33, 36, 37, 44, 47, 48, 50, 51, 52, 55, 56 => 26, 42, 43
<3> 3, 24, 33, 37, 41, 42, 43, 44, 46, 47, 48 => 5, 40
<3> 3, 24, 31, 32, 33, 35, 36, 37, 42, 43, 44, 46, 47, 48, 50, 51, 52, 54, 55, 56 => 16
<3> 3, 23, 26, 31, 32, 33, 36, 37, 40, 42, 43, 44, 45, 46, 47, 48, 52, 55, 56 => 41
<3> 3, 23, 26, 28, 32, 33, 36, 37, 40, 41, 42, 43, 44, 45, 46, 47, 48, 52, 55, 56 => 16
<3> 3, 23, 26, 28, 31, 32, 33, 36, 37, 40, 43, 44, 45, 46, 47, 48, 52, 55, 56 => 16
<3> 3, 23, 26, 28, 31, 32, 33, 35, 36, 37, 40, 42, 43, 44, 45, 46, 47, 48, 52, 56 => 5
<3> 3, 22, 26, 33, 37, 39, 40, 44, 46, 47, 48 => 5, 28, 43
<3> 3, 22, 26, 29, 33, 37, 44, 45, 46, 47, 48, 52, 55, 56 => 43
<3> 3, 22, 26, 27, 32, 33, 36, 37, 41, 42, 43, 44, 45, 46, 47, 48, 52, 56 => 40
<3> 3, 21, 27, 32, 33, 36, 37, 40, 42, 43, 44, 46, 47, 48, 56 => 15
<3> 3, 20, 31, 32, 33, 35, 36, 37, 41, 42, 43, 44, 45, 46, 47, 48, 51, 52, 55, 56 => 17
<3> 3, 20, 28, 32, 33, 36, 37, 39, 40, 43, 44, 47, 48, 50, 51, 52, 55, 56 => 46
<3> 3, 20, 28, 31, 32, 33, 35, 36, 37, 39, 40, 43, 44, 46, 47, 48, 51, 52, 55, 56 => 42
<3> 3, 19, 31, 32, 33, 35, 36, 37, 41, 42, 43, 44, 46, 47, 48, 52, 55, 56 => 17
<3> 3, 19, 28, 32, 33, 36, 37, 39, 40, 42, 43, 44, 47, 48, 52, 56 => 16, 31, 35, 46
<3> 3, 19, 27, 33, 37, 42, 43, 44, 47, 48, 52, 56 => 41
<3> 3, 17, 32, 33, 36, 37, 42, 43, 44, 45, 46, 47, 48, 50, 51, 52, 54, 55, 56 => 20
<3> 3, 17, 26, 28, 31, 32, 33, 35, 36, 37, 39, 40, 43, 44, 45, 46, 47, 48, 52, 56 => 24
<3> 3, 17, 23, 26, 31, 32, 33, 35, 36, 37, 40, 43, 44, 45, 46, 47, 48, 52, 56 => 42
<3> 3, 17, 21, 26, 32, 33, 36, 37, 40, 42, 43, 44, 45, 46, 47, 48, 56 => 28
<3> 3, 17, 19, 31, 32, 33, 35, 36, 37, 40, 43, 44, 46, 47, 48, 51, 52, 55, 56 => 4
<3> 3, 16, 29, 32, 33, 36, 37, 44, 45, 46, 47, 48, 50, 51, 52, 54, 55, 56 => 4, 26, 42, 43
<3> 3, 16, 28, 31, 32, 33, 35, 36, 37, 40, 41, 42, 43, 44, 46, 47, 48, 51, 52, 55, 56 => 50
<3> 3, 16, 28, 31, 32, 33, 35, 36, 37, 39, 40, 41, 42, 43, 44, 46, 47, 48, 52, 56 => 5
<3> 3, 16, 27, 32, 33, 36, 37, 44, 46, 47, 48, 50, 51, 52, 55, 56 => 4
<3> 3, 16, 27, 32, 33, 36, 37, 42, 43, 44, 46, 47, 48, 52, 55, 56 => 4, 51
<3> 3, 16, 27, 31, 32, 33, 35, 36, 37, 40, 43, 44, 46, 47, 48, 52, 55, 56 => 39
<3> 3, 16, 26, 28, 31, 32, 33, 35, 36, 37, 40, 42, 43, 44, 47, 48, 51, 52, 55, 56 => 25
<3> 3, 16, 26, 28, 31, 32, 33, 35, 36, 37, 39, 40, 43, 44, 47, 48, 52, 55, 56 => 42
<3> 3, 16, 26, 27, 31, 32, 33, 35, 36, 37, 40, 42, 43, 44, 45, 46, 47, 48, 52, 56 => 5
<3> 3, 16, 24, 32, 33, 36, 37, 40, 42, 43, 44, 46, 47, 48, 51, 52, 55, 56 => 28
<3> 3, 16, 23, 26, 28, 32, 33, 36, 37, 40, 42, 43, 44, 45, 46, 47, 48, 52, 55, 56 => 41
<3> 3, 16, 21, 26, 32, 33, 35, 36, 37, 40, 43, 44, 45, 46, 47, 48, 52, 56 => 5
<3> 3, 16, 18, 28, 32, 33, 36, 37, 40, 44, 46, 47, 48, 51, 52, 54, 55, 56 => 31, 35, 39
<3> 3, 15, 32, 33, 36, 37, 44, 45, 46, 47, 48, 50, 51, 52, 53, 54, 55, 56 => 49
<3> 3, 15, 32, 33, 36, 37, 40, 42, 43, 44, 47, 48, 50, 51, 52, 55, 56 => 20
<3> 3, 15, 31, 32, 33, 35, 36, 37, 40, 43, 44, 46, 47, 48, 51, 52, 55, 56 => 4
<3> 3, 15, 31, 32, 33, 35, 36, 37, 40, 43, 44, 45, 46, 47, 48, 52, 56 => 26
<3> 3, 15, 26, 33, 37, 42, 43, 44, 45, 46, 47, 48, 50, 51, 52, 54, 55, 56 => 27
<3> 3, 15, 26, 27, 33, 37, 41, 42, 43, 44, 46, 47, 48, 56 => 32, 36, 40
<3> 3, 15, 24, 26, 28, 33, 37, 40, 46, 47, 48 => 32, 36
<3> 3, 15, 23, 26, 33, 37, 41, 42, 43, 44, 46, 47, 48 => 5
<3> 3, 15, 23, 26, 33, 36, 37, 43, 44, 45, 46, 47, 48, 52, 55, 56 => 4
<3> 3, 15, 23, 26, 27, 33, 37, 43, 44, 46, 47, 48 => 42
<3> 3, 15, 21, 26, 32, 33, 36, 37, 44, 45, 46, 47, 48, 56 => 51, 52, 55
<3> 3, 15, 20, 32, 33, 36, 37, 43, 44, 46, 47, 48, 51, 52, 55, 56 => 50
<3> 3, 15, 20, 32, 33, 36, 37, 40, 43, 44, 47, 48, 50, 51, 52, 55, 56 => 42
<3> 3, 15, 20, 32, 33, 36, 37, 40, 42, 43, 44, 47, 48, 51, 52, 55, 56 => 50
<3> 3, 5, 28, 31, 32, 33, 35, 36, 37, 39, 40, 41, 42, 43, 44, 46, 47, 48, 52, 56 => 16
<3> 3, 5, 27, 32, 33, 36, 37, 44, 46, 47, 48, 50, 51, 52, 55, 56 => 42, 43
<3> 3, 5, 27, 32, 33, 36, 37, 41, 42, 43, 44, 46, 47, 48, 52, 55, 56 => 17
<3> 3, 5, 26, 28, 31, 32, 33, 35, 36, 37, 40, 43, 44, 47, 48, 52, 55, 56 => 16, 42
<3> 3, 5, 23, 26, 33, 37, 40, 41, 42, 43, 44, 46, 47, 48 => 28
<3> 3, 5, 21, 28, 32, 33, 36, 37, 40, 43, 44, 46, 47, 48, 52, 56 => 16
<3> 3, 5, 21, 26, 32, 33, 36, 37, 43, 44, 45, 46, 47, 48, 52, 55, 56 => 42
<3> 3, 5, 21, 26, 32, 33, 36, 37, 40, 43, 44, 45, 46, 47, 48, 52, 56 => 16, 35
<3> 3, 5, 21, 26, 32, 33, 36, 37, 40, 42, 43, 44, 46, 47, 48, 56 => 41
<3> 3, 5, 21, 26, 28, 32, 33, 36, 37, 40, 43, 44, 46, 47, 48, 56 => 45
<3> 3, 5, 20, 32, 33, 36, 37, 43, 44, 45, 46, 47, 48, 51, 52, 55, 56 => 42
<3> 3, 5, 20, 28, 32, 33, 36, 37, 40, 42, 43, 44, 47, 48, 52, 56 => 39
<3> 3, 5, 19, 32, 33, 36, 37, 41, 42, 43, 44, 46, 47, 48, 52, 56 => 17
<3> 3, 5, 19, 31, 32, 33, 35, 36, 37, 39, 40, 44, 46, 47, 48, 52, 56 => 16
<3> 3, 5, 18, 32, 33, 36, 37, 40, 44, 46, 47, 48, 52, 56 => 42, 43
<3> 3, 5, 16, 28, 31, 32, 33, 35, 36, 37, 40, 43, 44, 45, 46, 47, 48, 52, 55, 56 => 42
<3> 3, 5, 15, 33, 37, 43, 44, 46, 47, 48, 52, 55, 56 => 42
<3> 3, 5, 15, 28, 32, 33, 36, 37, 40, 42, 43, 44, 52 => 39
<3> 3, 5, 15, 28, 32, 33, 36, 37, 39, 40, 43, 44, 52 => 42
<3> 3, 5, 15, 26, 32, 33, 36, 37, 44, 46, 47, 48, 52, 56 => 45
<3> 3, 4, 28, 31, 32, 33, 35, 36, 37, 40, 41, 42, 43, 44, 45, 46, 47, 48, 51, 52, 54, 55, 56 => 17
<3> 3, 4, 25, 32, 33, 36, 37, 40, 44, 46, 47, 48, 51, 52, 54, 55, 56 => 16, 28, 31, 35
<3> 3, 4, 25, 26, 33, 36, 37, 43, 44, 46, 47, 48, 51, 52, 54, 55, 56 => 42
<3> 3, 4, 24, 26, 33, 37, 42, 43, 44, 45, 46, 47, 48, 50, 51, 52, 54, 55, 56 => 27
<3> 3, 4, 24, 26, 27, 33, 37, 42, 43, 44, 45, 46, 47, 48, 51, 52, 55, 56 => 50, 54
<3> 3, 4, 23, 26, 33, 36, 37, 43, 44, 45, 46, 47, 48, 50, 51, 52, 54, 55, 56 => 29
<3> 3, 4, 23, 26, 28, 32, 33, 36, 37, 40, 43, 44, 45, 46, 47, 48, 51, 52, 55, 56 => 16
<3> 3, 4, 23, 26, 27, 33, 37, 43, 44, 45, 46, 47, 48, 51, 52, 55, 56 => 42
<3> 3, 4, 22, 26, 27, 32, 33, 36, 37, 42, 43, 44, 45, 46, 47, 48, 51, 52, 55, 56 => 40
<3> 3, 4, 21, 26, 32, 33, 36, 37, 43, 44, 45, 46, 47, 48, 51, 52, 54, 55, 56 => 42
<3> 3, 4, 21, 26, 27, 33, 37, 42, 43, 44, 46, 47, 48, 51, 52, 55, 56 => 41
<3> 3, 4, 20, 28, 31, 32, 33, 35, 36, 37, 40, 42, 43, 44, 45, 46, 47, 48, 51, 52, 54, 55, 56 => 17
<3> 3, 4, 17, 26, 31, 32, 33, 35, 36, 37, 40, 43, 44, 45, 46, 47, 48, 51, 52, 54, 55, 56 => 28
<3> 3, 4, 17, 26, 27, 32, 33, 36, 37, 42, 43, 44, 45, 46, 47, 48, 51, 52, 55, 56 => 41
<3> 3, 4, 16, 26, 31, 32, 33, 35, 36, 37, 42, 43, 44, 46, 47, 48, 51, 52, 55, 56 => 54
<3> 3, 4, 16, 25, 28, 31, 32, 33, 35, 36, 37, 40, 44, 46, 47, 48, 51, 52, 55, 56 => 54
<3> 3, 4, 16, 23, 26, 32, 33, 36, 37, 40, 43, 44, 45, 46, 47, 48, 51, 52, 55, 56 => 28
<3> 3, 4, 15, 24, 26, 33, 37, 43, 44, 45, 46, 47, 48, 51, 52, 55, 56 => 42
<3> 3, 4, 15, 22, 26, 32, 33, 36, 37, 42, 43, 44, 46, 47, 48, 51, 52, 55, 56 => 40
<3> 2, 29, 33, 37, 43, 44, 46, 47, 48, 51, 52, 55, 56 => 42
<3> 2, 28, 36, 37, 44, 47, 48 => 40, 43
<3> 2, 27, 33, 37, 41, 42, 43, 44, 47, 48, 51, 52, 55, 56 => 46
<3> 2, 23, 26, 28, 33, 37, 40, 41, 42, 43, 44, 46, 47, 48 => 13
<3> 2, 23, 26, 28, 33, 37, 39, 40, 43, 44, 46, 47, 48 => 5
<3> 2, 23, 26, 27, 43, 44, 46, 47, 48 => 42
<3> 2, 22, 26, 33, 37, 44, 45, 46, 47, 48, 51, 52, 55, 56 => 14
<3> 2, 22, 26, 27, 33, 37, 44, 46, 47, 48, 52, 56 => 51, 55
<3> 2, 20, 27, 33, 37, 43, 44, 47, 48, 51, 52, 56 => 13
<3> 2, 20, 27, 33, 37, 42, 43, 44, 48, 52 => 5, 41
<3> 2, 19, 44, 46, 47, 48, 52, 56 => 51, 55
<3> 2, 19, 41, 42, 43, 44, 52 => 40, 48, 51, 56
<3> 2, 18, 37, 42, 43, 44, 52, 56 => 21, 51
<3> 2, 14, 25, 26, 28, 37, 40, 42, 43, 44, 47, 48 => 5
<3> 2, 14, 24, 26, 33, 37, 40, 42, 43, 44, 46, 47, 48 => 28
<3> 2, 14, 22, 26, 33, 37, 43, 44, 46, 47, 48 => 42
<3> 2, 13, 25, 26, 28, 40, 43, 44, 46, 47, 48 => 4, 37, 42, 51, 52, 55, 56
<3> 2, 13, 23, 26, 28, 37, 39, 40, 43, 44, 46, 47, 48 => 42
<3> 2, 13, 23, 26, 28, 33, 37, 40, 42, 43, 44, 46, 47, 48 => 41
<3> 2, 13, 20, 33, 37, 43, 44, 47, 48, 51, 52, 56 => 27
<3> 2, 12, 33, 37, 40, 43, 44, 48, 52, 56 => 4, 28
<3> 2, 12, 28, 37, 39, 40, 43, 44, 48, 52, 56 => 4
<3> 2, 12, 27, 43, 44, 48, 52, 55, 56 => 4, 40, 51
<3> 2, 12, 25, 26, 27, 43, 44, 47, 48 => 37
<3> 2, 12, 24, 26, 37, 40, 43, 44, 46, 47, 48 => 28
<3> 2, 12, 24, 26, 28, 39, 40, 43, 44, 47, 48, 56 => 52
<3> 2, 12, 21, 37, 40, 43, 44 => 42
<3> 2, 12, 19, 28, 37, 40, 42, 43, 44, 48, 52, 56 => 4, 51
<3> 2, 11, 27, 40, 43, 44, 47, 48 => 4, 26, 46, 51, 52, 55, 56
<3> 2, 11, 24, 26, 40, 42, 43, 44, 46, 47, 48, 56 => 28, 39
<3> 2, 11, 24, 26, 28, 39, 40, 43, 44, 46, 47, 48, 56 => 42
<3> 2, 11, 23, 26, 40, 43, 44, 46, 47, 48 => 28
<3> 2, 5, 41, 42, 43, 44, 48, 51, 52, 56 => 27
<3> 2, 5, 33, 37, 44, 47, 48, 51, 52, 55, 56 => 46
<3> 2, 5, 27, 40, 43, 44, 48, 51, 52, 56 => 42
<3> 2, 5, 25, 26, 40, 42, 43, 44, 47, 48, 56 => 28
<3> 2, 5, 25, 26, 28, 40, 43, 44, 47, 48, 56 => 42
<3> 2, 5, 25, 26, 28, 37, 40, 42, 43, 44, 47, 48 => 14
<3> 2, 5, 25, 26, 27, 40, 43, 44, 46, 47, 48 => 13
<3> 2, 5, 24, 26, 28, 33, 37, 40, 42, 43, 44, 46, 47, 48 => 41
<3> 2, 5, 23, 26, 40, 41, 42, 43, 44, 46, 47, 48 => 13
<3> 2, 5, 22, 26, 33, 37, 40, 44, 46, 47, 48 => 28
<3> 2, 5, 22, 26, 28, 39, 40, 43, 44, 46, 47, 48 => 42
<3> 2, 5, 21, 43, 44, 47, 48, 52, 56 => 42
<3> 2, 5, 20, 33, 37, 43, 44, 48, 51, 52, 56 => 27
<3> 2, 5, 20, 28, 33, 37, 40, 43, 44, 48 => 39
<3> 2, 5, 14, 43, 44, 48, 51, 52, 56 => 42
<3> 2, 5, 14, 42, 43, 44, 48, 52, 56 => 51
<3> 2, 5, 14, 25, 26, 37, 40, 42, 43, 44, 47, 48 => 28
<3> 2, 5, 13, 43, 44, 47, 48, 51, 52, 56 => 20
<3> 2, 5, 13, 37, 43, 44, 48, 51, 52, 56 => 27, 33
<3> 2, 5, 13, 25, 26, 40, 43, 44, 46, 47, 48 => 27
<3> 2, 5, 13, 22, 26, 28, 40, 42, 43, 44, 46, 47, 48 => 37
<3> 2, 5, 13, 20, 37, 43, 44, 48, 52, 56 => 33
<3> 2, 5, 13, 19, 37, 40, 43, 44, 52 => 33
<3> 2, 5, 12, 37, 39, 40, 42, 43, 44, 48 => 26, 47
<3> 2, 5, 12, 26, 37, 42, 43, 44, 46, 47, 48, 56 => 27
<3> 2, 4, 33, 37, 42, 43, 44, 46, 47, 48, 50, 51, 52, 55, 56 => 14, 54
<3> 2, 4, 29, 33, 37, 44, 45, 46, 47, 48, 50, 51, 52, 54, 55, 56 => 14, 26
<3> 2, 4, 28, 39, 40, 43, 44, 47, 48, 50, 51, 52, 55, 56 => 12, 42
<3> 2, 4, 26, 33, 37, 44, 45, 46, 47, 48, 50, 51, 52, 54, 55, 56 => 14, 29
<3> 2, 4, 26, 28, 33, 37, 39, 40, 43, 44, 46, 47, 48, 51, 52, 55, 56 => 13
<3> 2, 4, 25, 26, 43, 44, 45, 46, 47, 48, 51, 52, 55, 56 => 42
<3> 2, 4, 25, 26, 28, 37, 40, 42, 43, 44, 46, 47, 48, 51, 52, 55, 56 => 13
<3> 2, 4, 24, 26, 33, 37, 43, 44, 46, 47, 48, 51, 52, 55, 56 => 45
<3> 2, 4, 23, 26, 33, 37, 42, 43, 44, 45, 46, 47, 48, 51, 52, 55, 56 => 14
<3> 2, 4, 23, 26, 28, 39, 40, 42, 43, 44, 46, 47, 48, 52, 55, 56 => 51
<3> 2, 4, 22, 26, 28, 33, 37, 39, 40, 43, 44, 46, 47, 48, 52, 56 => 13
<3> 2, 4, 21, 26, 28, 39, 40, 43, 44, 46, 47, 48, 51, 52, 55, 56 => 13
<3> 2, 4, 20, 28, 37, 40, 42, 43, 44, 48, 51, 52, 55, 56 => 14
<3> 2, 4, 19, 27, 37, 44, 47, 48, 50, 51, 52, 55, 56 => 13
<3> 2, 4, 13, 43, 44, 46, 47, 48, 50, 51, 52, 55, 56 => 20
<3> 2, 4, 13, 33, 37, 44, 47, 48, 50, 51, 52, 55, 56 => 27
<3> 2, 4, 13, 33, 37, 40, 41, 42, 43, 44, 47, 48, 52, 55, 56 => 28
<3> 2, 4, 13, 20, 43, 44, 47, 48, 50, 51, 52, 55, 56 => 46
<3> 2, 4, 13, 20, 43, 44, 46, 47, 48, 51, 52, 55, 56 => 50
<3> 2, 4, 13, 19, 37, 44, 47, 48, 50, 51, 52, 55, 56 => 27
<3> 2, 4, 13, 19, 27, 37, 44, 47, 48, 51, 52, 55, 56 => 50
<3> 2, 4, 12, 40, 43, 44, 47, 48, 50, 51, 52, 55, 56 => 28, 39, 42
<3> 2, 4, 12, 28, 40, 43, 44, 48, 50, 51, 52, 55, 56 => 39, 42, 47
<3> 2, 4, 12, 28, 37, 40, 43, 44, 48, 51, 52, 55, 56 => 42
<3> 2, 4, 12, 26, 28, 37, 40, 43, 44, 46, 47, 48, 51, 52, 56 => 42
<3> 2, 4, 12, 25, 26, 28, 40, 42, 43, 44, 46, 47, 48, 51, 52, 56 => 39
<3> 2, 4, 12, 22, 26, 28, 40, 42, 43, 44, 46, 47, 48, 52, 56 => 51, 55
<3> 2, 4, 12, 20, 28, 40, 42, 43, 44, 47, 48, 51, 52, 56 => 39, 55
<3> 1, 41, 42, 43, 44, 45, 46, 47, 48, 52, 56 => 26, 28, 40
<3> 1, 29, 33, 37, 44, 46, 47, 48, 52, 55, 56 => 32, 36, 45, 50, 51, 53, 54
<3> 1, 28, 31, 32, 33, 35, 36, 37, 39, 40, 42, 43, 44, 46, 47, 48, 52, 55, 56 => 8
<3> 1, 27, 33, 37, 40, 41, 42, 43, 44, 46, 47, 48, 52, 56 => 10
<3> 1, 27, 33, 36, 37, 41, 42, 43, 44, 46, 47, 48, 52, 56 => 32
<3> 1, 26, 28, 31, 32, 33, 35, 36, 37, 38, 39, 40, 43, 44, 45, 46, 47, 48, 52, 55, 56 => 8
<3> 1, 26, 27, 33, 37, 40, 41, 42, 43, 44, 48 => 5
<3> 1, 26, 27, 32, 33, 36, 37, 39, 40, 42, 43, 44, 46, 47, 48, 52, 56 => 5
<3> 1, 25, 26, 27, 33, 37, 40, 43, 44, 46, 47, 48, 51, 52, 55, 56 => 45
<3> 1, 25, 26, 27, 32, 33, 36, 37, 40, 43, 44, 46, 47, 48, 52, 56 => 31, 35
<3> 1, 24, 26, 32, 33, 36, 37, 40, 42, 43, 44, 45, 46, 47, 48, 52, 55, 56 => 9
<3> 1, 24, 26, 27, 32, 33, 36, 37, 44, 46, 47, 48, 52, 55, 56 => 43
<3> 1, 23, 26, 33, 36, 37, 39, 40, 42, 43, 44, 46, 47, 48, 52, 56 => 5, 9
<3> 1, 23, 26, 32, 33, 36, 37, 39, 40, 43, 44, 45, 46, 47, 48, 52, 55, 56 => 9
<3> 1, 22, 26, 28, 33, 37, 40, 42, 43, 44, 46, 47, 48, 52, 56 => 32, 36, 39
<3> 1, 22, 26, 28, 32, 33, 36, 37, 40, 43, 44, 45, 46, 47, 48, 52, 55, 56 => 8
<3> 1, 22, 26, 27, 32, 33, 36, 37, 40, 44, 45, 46, 47, 48, 52, 56 => 4, 9, 51, 54, 55
<3> 1, 21, 26, 33, 37, 42, 43, 44, 45, 46, 47, 48, 51, 52, 54, 55, 56 => 50
<3> 1, 21, 26, 33, 37, 39, 40, 42, 43, 44, 46, 47, 48, 52, 56 => 32, 36, 45
<3> 1, 21, 26, 32, 33, 36, 37, 39, 40, 43, 44, 45, 46, 47, 48, 52, 56 => 42
<3> 1, 21, 26, 27, 33, 37, 42, 43, 44, 45, 46, 47, 48, 52, 56 => 5
<3> 1, 20, 28, 32, 33, 36, 37, 39, 40, 43, 44, 48, 51, 52, 55, 56 => 9
<3> 1, 19, 33, 37, 39, 40, 43, 44, 47, 48, 51, 52, 55, 56 => 32, 36, 42
<3> 1, 19, 32, 33, 36, 37, 40, 42, 43, 44, 46, 47, 48, 51, 52, 55, 56 => 31, 35
<3> 1, 19, 27, 31, 32, 33, 35, 36, 37, 42, 43, 44, 46, 47, 48, 51, 52, 55, 56 => 9
<3> 1, 11, 25, 26, 28, 40, 43, 44, 46, 47, 48, 52, 56 => 4
<3> 1, 11, 24, 26, 40, 43, 44, 46, 47, 48, 56 => 4, 52, 55
<3> 1, 11, 22, 26, 37, 40, 43, 44, 46, 47, 48, 56 => 28
<3> 1, 11, 22, 26, 33, 37, 42, 43, 44, 46, 47, 48 => 5
<3> 1, 10, 33, 37, 42, 43, 44, 47, 48, 50, 51, 52, 55, 56 => 27, 46, 54
<3> 1, 10, 28, 40, 41, 42, 43, 44, 47, 48, 52, 56 => 4, 51, 55
<3> 1, 10, 27, 33, 37, 43, 44, 46, 47, 48, 50, 51, 52, 54, 55, 56 => 42
<3> 1, 10, 26, 27, 33, 37, 40, 43, 44, 45, 46, 47, 48, 52, 56 => 42
<3> 1, 10, 25, 26, 33, 37, 42, 43, 44, 46, 47, 48 => 52, 56
<3> 1, 10, 25, 26, 32, 33, 36, 37, 43, 44, 46, 47, 48, 52, 56 => 4, 51, 55
<3> 1, 10, 23, 26, 33, 37, 40, 44, 45, 46, 47, 48, 52, 56 => 51, 55
<3> 1, 10, 23, 26, 33, 36, 37, 44, 46, 47, 48, 52, 56 => 4, 45, 51, 55
<3> 1, 10, 23, 26, 27, 33, 37, 40, 42, 43, 44, 46, 47, 48, 56 => 5
<3> 1, 10, 22, 26, 40, 43, 44, 45, 46, 47, 48, 52, 56 => 42
<3> 1, 10, 22, 26, 28, 40, 44, 46, 47, 48, 52, 56 => 43
<3> 1, 10, 21, 26, 33, 37, 43, 44, 45, 46, 47, 48, 52, 56 => 51, 55
<3> 1, 10, 21, 26, 33, 37, 40, 43, 44, 46, 47, 48, 52, 56 => 36
<3> 1, 10, 20, 27, 33, 37, 43, 44, 48, 52, 56 => 42
<3> 1, 10, 19, 28, 33, 37, 39, 40, 43, 44, 52 => 42
<3> 1, 9, 27, 32, 33, 36, 37, 39, 40, 42, 43, 44, 46, 47, 48, 52, 56 => 5
<3> 1, 9, 27, 31, 32, 33, 35, 36, 37, 42, 43, 44, 46, 47, 48, 51, 52, 55, 56 => 19
<3> 1, 9, 24, 26, 32, 33, 36, 37, 40, 43, 44, 46, 47, 48, 52, 55, 56 => 42, 45
<3> 1, 9, 23, 26, 33, 37, 40, 42, 43, 44, 46, 47, 48, 52, 56 => 5, 36, 39
<3> 1, 9, 22, 26, 27, 33, 37, 40, 44, 46, 47, 48, 52, 56 => 4, 32, 36, 45, 51, 54, 55
<3> 1, 9, 21, 26, 33, 37, 40, 43, 44, 45, 46, 47, 48, 52, 56 => 32, 36
<3> 1, 9, 21, 26, 28, 32, 33, 36, 37, 40, 44, 46, 47, 48, 52, 56 => 39
<3> 1, 9, 20, 32, 33, 36, 37, 40, 43, 44, 48, 51, 52, 55, 56 => 28, 39
<3> 1, 9, 20, 27, 33, 37, 43, 44, 48, 51, 52, 56 => 42
<3> 1, 9, 19, 27, 32, 33, 36, 37, 42, 43, 44, 46, 47, 48, 51, 52, 55, 56 => 31, 35
<3> 1, 8, 27, 31, 32, 33, 35, 36, 37, 40, 43, 44, 46, 47, 48, 52, 56 => 42
<3> 1, 8, 25, 26, 33, 37, 43, 44, 48 => 40
<3> 1, 8, 22, 26, 32, 33, 36, 37, 40, 43, 44, 45, 46, 47, 48, 52, 55, 56 => 28
<3> 1, 5, 33, 37, 44, 47, 48, 50, 51, 52, 55, 56 => 46, 54
<3> 1, 5, 32, 33, 36, 37, 44, 45, 46, 47, 48, 51, 52, 55, 56 => 9
<3> 1, 5, 31, 32, 33, 35, 36, 37, 40, 42, 43, 44, 46, 47, 48, 52, 56 => 39
<3> 1, 5, 28, 32, 33, 36, 37, 40, 43, 44, 51, 52, 56 => 9
<3> 1, 5, 28, 32, 33, 36, 37, 40, 43, 44, 48, 52, 55, 56 => 39
<3> 1, 5, 25, 26, 28, 32, 33, 36, 37, 39, 40, 44, 47, 48, 52, 56 => 9
<3> 1, 5, 23, 26, 33, 37, 43, 44, 45, 46, 47, 48, 52, 55, 56 => 40
<3> 1, 5, 22, 26, 33, 37, 43, 44, 45, 46, 47, 48, 52, 55, 56 => 42
<3> 1, 5, 22, 26, 27, 33, 37, 43, 44, 45, 46, 47, 48, 52, 56 => 42
<3> 1, 5, 22, 26, 27, 33, 37, 40, 43, 44, 46, 47, 48, 52, 56 => 10
<3> 1, 5, 21, 33, 37, 39, 40, 43, 44, 46, 47, 48, 52, 56 => 9
<3> 1, 5, 21, 26, 27, 33, 37, 42, 43, 44, 46, 47, 48, 52, 56 => 45
<3> 1, 5, 20, 33, 37, 44, 48, 51, 52, 55, 56 => 32, 36
<3> 1, 5, 20, 32, 33, 36, 37, 40, 43, 44, 48, 51, 52, 56 => 9
<3> 1, 5, 19, 37, 39, 40, 43, 44, 48, 52 => 42
<3> 1, 5, 19, 33, 37, 42, 43, 44, 48, 52, 56 => 27
<3> 1, 5, 19, 32, 33, 36, 37, 43, 44, 48, 51, 52, 56 => 27
<3> 1, 5, 19, 32, 33, 36, 37, 39, 40, 43, 44, 52 => 9
<3> 1, 5, 11, 28, 40, 43, 44, 48, 56 => 42
<3> 1, 5, 10, 33, 37, 41, 42, 43, 44, 52 => 40
<3> 1, 5, 10, 26, 33, 36, 37, 44, 46, 47, 48 => 32, 40
<3> 1, 5, 10, 23, 26, 33, 37, 40, 42, 43, 44, 46, 47, 48, 56 => 27
<3> 1, 5, 10, 23, 26, 27, 33, 37, 42, 43, 44, 46, 47, 48, 56 => 40
<3> 1, 5, 10, 21, 26, 33, 37, 43, 44, 46, 47, 48, 52, 56 => 27
<3> 1, 5, 9, 32, 33, 36, 37, 40, 42, 43, 44, 46, 47, 48, 52, 55, 56 => 27
<3> 1, 5, 9, 19, 32, 33, 36, 37, 40, 43, 44, 52 => 39
<3> 1, 5, 8, 33, 37, 40, 42, 43, 44, 48 => 26
<3> 1, 5, 8, 32, 33, 36, 37, 43, 44, 48, 51, 52, 56 => 27
<3> 1, 4, 32, 33, 36, 37, 40, 44, 46, 47, 48, 49, 50, 51, 52, 54, 55, 56 => 27, 31, 35, 42, 43
<3> 1, 4, 32, 33, 36, 37, 40, 44, 45, 46, 47, 48, 50, 51, 52, 53, 54, 55, 56 => 27, 31, 35, 43
<3> 1, 4, 27, 31, 32, 33, 35, 36, 37, 42, 43, 44, 46, 47, 48, 49, 50, 51, 52, 54, 55, 56 => 40
<3> 1, 4, 27, 31, 32, 33, 35, 36, 37, 40, 42, 43, 44, 46, 47, 48, 50, 51, 52, 54, 55, 56 => 49
<3> 1, 4, 26, 40, 41, 42, 43, 44, 46, 47, 48, 51, 52, 55, 56 => 28
<3> 1, 4, 25, 26, 40, 42, 43, 44, 46, 47, 48, 51, 52, 55, 56 => 28
<3> 1, 4, 25, 26, 27, 31, 32, 33, 35, 36, 37, 43, 44, 45, 46, 47, 48, 50, 51, 52, 54, 55, 56 => 9
<3> 1, 4, 24, 26, 39, 40, 43, 44, 46, 47, 48, 51, 52, 55, 56 => 45
<3> 1, 4, 23, 26, 33, 37, 42, 43, 44, 45, 46, 47, 48, 51, 52, 55, 56 => 36
<3> 1, 4, 21, 37, 40, 42, 43, 44, 47, 48, 50, 51, 52, 55, 56 => 28
<3> 1, 4, 21, 28, 37, 40, 43, 44, 47, 48, 50, 51, 52, 55, 56 => 42
<3> 1, 4, 21, 26, 28, 33, 37, 40, 44, 46, 47, 48, 50, 51, 52, 54, 55, 56 => 39
<3> 1, 4, 20, 32, 33, 36, 37, 42, 43, 44, 46, 47, 48, 50, 51, 52, 54, 55, 56 => 27
<3> 1, 4, 20, 32, 33, 36, 37, 39, 40, 43, 44, 47, 48, 51, 52, 55, 56 => 50
<3> 1, 4, 10, 32, 33, 36, 37, 44, 47, 48, 50, 51, 52, 55, 56 => 27, 46, 54
<3> 1, 4, 10, 27, 33, 37, 44, 46, 47, 48, 50, 51, 52, 54, 55, 56 => 32, 36
<3> 1, 4, 10, 26, 33, 36, 37, 40, 43, 44, 45, 46, 47, 48, 51, 52, 55, 56 => 28
<3> 1, 4, 10, 26, 32, 33, 36, 37, 44, 45, 46, 47, 48, 51, 52, 55, 56 => 40
<3> 1, 4, 10, 26, 28, 33, 37, 40, 43, 44, 45, 46, 47, 48, 51, 52, 55, 56 => 36
<3> 1, 4, 10, 23, 26, 33, 37, 44, 45, 46, 47, 48, 51, 52, 55, 56 => 36
<3> 1, 4, 10, 22, 26, 40, 43, 44, 46, 47, 48, 51, 52, 55, 56 => 42
<3> 1, 4, 9, 26, 32, 33, 36, 37, 40, 42, 43, 44, 45, 46, 47, 48, 50, 51, 52, 54, 55, 56 => 28
<3> 1, 4, 9, 26, 27, 31, 32, 33, 35, 36, 37, 43, 44, 45, 46, 47, 48, 50, 51, 52, 54, 55, 56 => 25
<3> 1, 4, 9, 22, 26, 32, 33, 36, 37, 40, 44, 45, 46, 47, 48, 51, 52, 54, 55, 56 => 27
<3> 0, 29, 32, 33, 36, 37, 44, 45, 46, 47, 48, 50, 51, 52, 53, 54, 55, 56 => 26, 49
<3> 0, 29, 31, 32, 33, 35, 36, 37, 44, 45, 46, 47, 48, 50, 51, 52, 54, 55, 56 => 34
<3> 0, 26, 29, 32, 33, 36, 37, 44, 45, 46, 47, 48, 50, 51, 52, 54, 55, 56 => 49, 53
<3> 0, 25, 26, 28, 30, 31, 32, 33, 34, 35, 36, 37, 40, 44, 45, 46, 47, 48, 51, 52, 54, 55, 56 => 4, 39, 50, 53
<3> 0, 23, 26, 31, 32, 33, 35, 36, 37, 44, 45, 46, 47, 48, 49, 50, 51, 52, 53, 54, 55, 56 => 34
<3> 0, 23, 26, 31, 32, 33, 34, 35, 36, 37, 42, 43, 44, 45, 46, 47, 48, 50, 51, 52, 54, 55, 56 => 39, 40
<3> 0, 23, 26, 31, 32, 33, 34, 35, 36, 37, 39, 40, 43, 44, 45, 46, 47, 48, 50, 51, 52, 54, 55, 56 => 42
<3> 0, 21, 28, 30, 31, 32, 33, 34, 35, 36, 37, 39, 40, 43, 44, 45, 46, 47, 48, 50, 51, 52, 54, 55, 56 => 6
<3> 0, 21, 26, 27, 31, 32, 33, 35, 36, 37, 41, 42, 43, 44, 45, 46, 47, 48, 50, 51, 52, 54, 55, 56 => 5
<3> 0, 20, 27, 32, 33, 36, 37, 42, 43, 44, 48, 51, 52, 56 => 5
<3> 0, 19, 31, 32, 33, 34, 35, 36, 37, 42, 43, 44, 45, 46, 47, 48, 50, 51, 52, 54, 55, 56 => 6, 28, 30, 40
<3> 0, 19, 31, 32, 33, 34, 35, 36, 37, 39, 40, 43, 44, 45, 46, 47, 48, 50, 51, 52, 54, 55, 56 => 6, 30
<3> 0, 19, 27, 31, 32, 33, 35, 36, 37, 40, 43, 44, 45, 46, 47, 48, 50, 51, 52, 54, 55, 56 => 49, 53
<3> 0, 17, 31, 32, 33, 35, 36, 37, 39, 40, 44, 45, 46, 47, 48, 50, 51, 52, 53, 54, 55, 56 => 28
<3> 0, 17, 31, 32, 33, 35, 36, 37, 39, 40, 43, 44, 45, 46, 47, 48, 49, 50, 51, 52, 54, 55, 56 => 28
<3> 0, 17, 24, 26, 32, 33, 36, 37, 40, 44, 45, 46, 47, 48, 51, 52, 55, 56 => 54
<3> 0, 17, 23, 26, 32, 33, 36, 37, 44, 45, 46, 47, 48, 51, 52, 55, 56 => 50, 54
<3> 0, 17, 19, 31, 32, 33, 35, 36, 37, 40, 44, 45, 46, 47, 48, 50, 51, 52, 54, 55, 56 => 53
<3> 0, 8, 19, 32, 33, 36, 37, 44, 47, 48, 50, 51, 52, 54, 55, 56 => 4
<3> 0, 7, 32, 33, 36, 37, 38, 39, 40, 47, 48, 51, 52, 55, 56 => 4, 28, 45, 46, 50, 54
<3> 0, 7, 27, 31, 32, 33, 35, 36, 37, 39, 40, 42, 43, 44, 45, 46, 47, 48, 51, 52, 55, 56 => 26
<3> 0, 7, 25, 26, 31, 32, 33, 35, 36, 37, 40, 44, 45, 46, 47, 48, 51, 52, 54, 55, 56 => 4, 50, 53
<3> 0, 7, 21, 31, 32, 33, 35, 36, 37, 40, 42, 43, 44, 45, 46, 47, 48, 51, 52, 55, 56 => 26, 28
<3> 0, 7, 21, 28, 31, 32, 33, 35, 36, 37, 39, 40, 43, 44, 45, 46, 47, 48, 51, 52, 55, 56 => 5
<3> 0, 7, 21, 26, 32, 33, 36, 37, 45, 46, 47, 48, 50, 51, 52, 54, 55, 56 => 4
<3> 0, 7, 20, 31, 32, 33, 35, 36, 37, 40, 44, 45, 46, 47, 48, 50, 51, 52, 53, 54, 55, 56 => 28, 39
<3> 0, 7, 19, 32, 33, 36, 37, 45, 46, 47, 48, 50, 51, 52, 53, 54, 55, 56 => 4, 49
<3> 0, 7, 19, 31, 32, 33, 35, 36, 37, 40, 42, 43, 44, 47, 48, 51, 52, 55, 56 => 28, 39
<3> 0, 7, 19, 28, 31, 32, 33, 35, 36, 37, 39, 40, 43, 44, 47, 48, 51, 52, 55, 56 => 42
<3> 0, 6, 26, 27, 31, 32, 33, 35, 36, 37, 41, 42, 43, 44, 45, 46, 47, 48, 51, 52, 55, 56 => 5
<3> 0, 6, 25, 26, 27, 31, 32, 33, 35, 36, 37, 44, 45, 46, 47, 48, 51, 52, 54, 55, 56 => 30, 34, 42, 43
<3> 0, 6, 23, 26, 31, 32, 33, 35, 36, 37, 39, 40, 45, 46, 47, 48, 51, 52, 55, 56 => 54
<3> 0, 6, 22, 26, 31, 32, 33, 34, 35, 36, 37, 40, 44, 45, 46, 47, 48, 50, 51, 52, 54, 55, 56 => 30
<3> 0, 6, 21, 30, 31, 32, 33, 34, 35, 36, 37, 40, 42, 43, 44, 45, 46, 47, 48, 50, 51, 52, 54, 55, 56 => 4, 53
<3> 0, 6, 21, 26, 31, 32, 33, 35, 36, 37, 39, 40, 43, 44, 45, 46, 47, 48, 51, 52, 55, 56 => 28
<3> 0, 6, 21, 26, 30, 31, 32, 33, 34, 35, 36, 37, 40, 43, 44, 45, 46, 47, 48, 50, 51, 52, 54, 55, 56 => 4, 53
<3> 0, 6, 19, 28, 31, 32, 33, 35, 36, 37, 40, 42, 43, 44, 45, 46, 47, 48, 50, 51, 52, 54, 55, 56 => 30, 34
<3> 0, 6, 18, 31, 32, 33, 35, 36, 37, 40, 44, 45, 46, 47, 48, 50, 51, 52, 54, 55, 56 => 21, 39
<3> 0, 5, 26, 31, 32, 33, 35, 36, 37, 39, 40, 44, 45, 46, 47, 48, 50, 51, 52, 54, 55, 56 => 30, 34
<3> 0, 5, 26, 27, 31, 32, 33, 35, 36, 37, 41, 42, 43, 44, 45, 46, 47, 48, 50, 51, 52, 54, 55, 56 => 21
<3> 0, 5, 26, 27, 31, 32, 33, 35, 36, 37, 39, 40, 42, 43, 44, 45, 46, 47, 48, 51, 52, 54, 55, 56 => 30, 34
<3> 0, 5, 25, 26, 27, 31, 32, 33, 35, 36, 37, 40, 44, 45, 46, 47, 48, 51, 52, 54, 55, 56 => 42, 43
<3> 0, 5, 23, 26, 28, 32, 33, 36, 37, 39, 40, 43, 44, 45, 46, 47, 48, 52, 55, 56 => 7
<3> 0, 5, 22, 31, 32, 33, 35, 36, 37, 44, 45, 46, 47, 48, 51, 52, 54, 55, 56 => 40
<3> 0, 5, 22, 27, 31, 32, 33, 35, 36, 37, 44, 45, 46, 47, 48, 51, 52, 55, 56 => 40
<3> 0, 5, 21, 31, 32, 33, 34, 35, 36, 37, 40, 43, 44, 45, 46, 47, 48, 51, 52, 54, 55, 56 => 39
<3> 0, 5, 21, 28, 31, 32, 33, 35, 36, 37, 39, 40, 44, 45, 46, 47, 48, 50, 51, 52, 54, 55, 56 => 18
<3> 0, 5, 20, 30, 31, 32, 33, 35, 36, 37, 44, 45, 46, 47, 48, 50, 51, 52, 54, 55, 56 => 34
<3> 0, 5, 19, 28, 32, 33, 36, 37, 39, 40, 42, 43, 44, 46, 47, 48, 51, 52, 55, 56 => 6
<3> 0, 5, 19, 27, 32, 33, 36, 37, 40, 43, 44, 52 => 42
<3> 0, 5, 8, 32, 33, 36, 37, 44, 46, 47, 48, 51, 52, 54, 55, 56 => 31, 35, 40
<3> 0, 5, 8, 26, 32, 33, 36, 37, 40, 43, 44, 45, 46, 47, 48, 51, 52, 55, 56 => 31, 35
<3> 0, 5, 8, 26, 27, 32, 33, 36, 37, 45, 46, 47, 48, 51, 52, 55, 56 => 25
<3> 0, 5, 8, 19, 32, 33, 36, 37, 43, 44, 52 => 40
<3> 0, 5, 7, 23, 26, 32, 33, 36, 37, 39, 40, 43, 44, 45, 46, 47, 48, 52, 55, 56 => 28
<3> 0, 5, 6, 22, 26, 32, 33, 35, 36, 37, 43, 44, 45, 46, 47, 48, 52, 55, 56 => 28
<3> 0, 5, 6, 21, 31, 32, 33, 35, 36, 37, 39, 40, 44, 45, 46, 47, 48, 51, 52, 55, 56 => 28
<3> 0, 5, 6, 21, 26, 31, 32, 33, 35, 36, 37, 43, 44, 45, 46, 47, 48, 51, 52, 55, 56 => 42
<3> 0, 5, 6, 19, 32, 33, 36, 37, 42, 43, 44, 46, 47, 48, 51, 52, 55, 56 => 28, 39, 40
<3> 0, 5, 6, 19, 32, 33, 36, 37, 40, 43, 44, 46, 47, 48, 51, 52, 55, 56 => 28, 39, 42
<3> 0, 4, 31, 32, 33, 35, 36, 37, 41, 42, 43, 44, 45, 46, 47, 48, 49, 50, 51, 52, 53, 54, 55, 56 => 30
<3> 0, 4, 25, 26, 30, 31, 32, 33, 34, 35, 36, 37, 42, 43, 44, 45, 46, 47, 48, 49, 50, 51, 52, 53, 54, 55, 56 => 6
<3> 0, 4, 25, 26, 28, 31, 32, 33, 35, 36, 37, 40, 44, 45, 46, 47, 48, 50, 51, 52, 53, 54, 55, 56 => 30, 34, 39
<3> 0, 4, 22, 26, 31, 32, 33, 34, 35, 36, 37, 40, 42, 43, 44, 45, 46, 47, 48, 50, 51, 52, 53, 54, 55, 56 => 30
<3> 0, 4, 22, 26, 28, 31, 32, 33, 35, 36, 37, 40, 44, 45, 46, 47, 48, 50, 51, 52, 53, 54, 55, 56 => 34
<3> 0, 4, 21, 28, 31, 32, 33, 35, 36, 37, 40, 43, 44, 45, 46, 47, 48, 49, 50, 51, 52, 53, 54, 55, 56 => 39
<3> 0, 4, 20, 28, 30, 31, 32, 33, 35, 36, 37, 40, 44, 45, 46, 47, 48, 49, 50, 51, 52, 53, 54, 55, 56 => 6
<3> 0, 4, 18, 31, 32, 33, 35, 36, 37, 40, 43, 44, 45, 46, 47, 48, 49, 50, 51, 52, 53, 54, 55, 56 => 21
<3> 0, 4, 17, 27, 32, 33, 36, 37, 43, 44, 45, 46, 47, 48, 51, 52, 54, 55, 56 => 26
<3> 0, 4, 7, 31, 32, 33, 35, 36, 37, 40, 42, 43, 44, 45, 46, 47, 48, 49, 50, 51, 52, 53, 54, 55, 56 => 28, 39
<3> 0, 4, 7, 26, 27, 31, 32, 33, 35, 36, 37, 42, 43, 44, 45, 46, 47, 48, 50, 51, 52, 53, 54, 55, 56 => 30
<3> 0, 4, 7, 22, 26, 31, 32, 33, 35, 36, 37, 40, 44, 45, 46, 47, 48, 50, 51, 52, 54, 55, 56 => 28, 39
<3> 0, 4, 7, 21, 32, 33, 36, 37, 43, 44, 45, 46, 47, 48, 50, 51, 52, 54, 55, 56 => 53
<3> 0, 4, 7, 19, 32, 33, 36, 37, 40, 45, 46, 47, 48, 50, 51, 52, 54, 55, 56 => 28, 39
<3> 0, 4, 7, 19, 31, 32, 33, 35, 36, 37, 43, 44, 45, 46, 47, 48, 50, 51, 52, 54, 55, 56 => 42
<3> 0, 4, 6, 31, 32, 33, 35, 36, 37, 41, 42, 43, 44, 45, 46, 47, 48, 50, 51, 52, 54, 55, 56 => 28, 30, 40, 53
<3> 0, 4, 6, 25, 26, 30, 31, 32, 33, 34, 35, 36, 37, 42, 43, 44, 45, 46, 47, 48, 50, 51, 52, 53, 54, 55, 56 => 49
<3> 0, 4, 6, 22, 26, 31, 32, 33, 35, 36, 37, 42, 43, 44, 45, 46, 47, 48, 50, 51, 52, 53, 54, 55, 56 => 30
<3> 0, 4, 6, 21, 30, 31, 32, 33, 34, 35, 36, 37, 40, 43, 44, 45, 46, 47, 48, 49, 50, 51, 52, 53, 54, 55, 56 => 39
<3> 0, 4, 6, 19, 30, 31, 32, 33, 34, 35, 36, 37, 43, 44, 45, 46, 47, 48, 49, 50, 51, 52, 53, 54, 55, 56 => 40
